0.5248507
0.048877213
0.04142903
0.040050905
0.039697703
0.039362356
0.039044373
0.039044376
0.038743142
0.038458064
0.03818837
0.03793366
0.037693273
0.037466437
0.037252817
0.037051816
0.036862735
0.03668505
0.03651815
0.03636137
0.036214124
0.036075905
0.035946082
0.03582433
0.035710238
0.035603303
0.035503034
0.03540899
0.03532085
0.035238188
0.035160553
0.03508767
0.03501928
0.034955036
0.034894682
0.03483791
0.034784514
0.03473429
0.034686957
0.03464229
0.03460011
0.034560226
0.03452248
0.034486726
0.034452815
0.034420654
0.0343901
0.034361016
0.034333292
0.03430683
0.03428155
0.03425736
0.03423419
0.034211945
0.03419057
0.03417001
0.034150187
0.03413107
0.034112584
0.03409469
0.034077358
0.034060556
0.03404424
0.034028366
0.034012925
0.03399788
0.03398319
0.03396885
0.033954833
0.0339411
0.033927664
0.033914477
0.033901546
0.03388884
0.033876352
0.03386407
0.03385198
0.03384007
0.033828326
0.033816744
0.03380531
0.033794023
0.03378287
0.033771854
0.03376095
0.03375018
0.033739522
0.033728972
0.033718523
0.03370818
0.03369794
0.033687778
0.033677712
0.033667725
0.033657823
0.03364801
0.03363827
0.033628605
0.03361901
0.033609476
0.033600014
0.03359062
0.033581283
0.03357201
0.0335628
0.03355365
0.033544555
0.033535514
0.03352653
0.033517595
0.033508707
0.033499867
0.033491082
0.033482347
0.03347365
0.033465
0.033456385
0.033447806
0.033439275
0.03343078
0.033422336
0.033413928
0.03340557
0.03339724
0.033388957
0.033380706
0.033372495
0.033364322
0.03335619
0.033348095
0.033340026
0.033331998
0.03332401
0.033316057
0.033308133
0.033300243
0.033292387
0.03328456
0.03327676
0.033269003
0.033261288
0.0332536
0.033245943
0.03323832
0.03323072
0.033223152
0.03321562
0.0332081
0.033200625
0.03319318
0.033185758
0.03317835
0.033170965
0.033163596
0.033156253
0.033148922
0.033141617
0.03313433
0.033127073
0.03311983
0.03311261
0.03310542
0.033098254
0.033091106
0.03308398
0.033076886
0.033069804
0.033062737
0.03305568
0.033048637
0.033041604
0.033034593
0.033027597
0.03302062
0.033013653
0.033006705
0.032999758
0.032992825
0.032985903
0.032978997
0.032972097
0.03296522
0.032958347
0.032951493
0.032944642
0.032937814
0.032930985
0.032924175
0.03291737
0.03291057
0.03290378
0.03289699
0.03289021
0.032883435
0.03287665
0.03286988
0.032863107
0.03285634
0.032849595
0.032842852
0.0328361
0.032829355
0.03282262
0.03281588
0.032809146
0.03280241
0.032795683
0.03278895
0.03278223
0.032775503
0.03276878
0.032762058
0.032755334
0.03274861
0.032741893
0.032735165
0.03272845
0.032721724
0.03271501
0.032708287
0.032701552
0.032694813
0.032688074
0.03268134
0.03267458
0.032667823
0.032661058
0.03265428
0.032647505
0.032640714
0.03263391
0.032627113
0.032620303
0.032613497
0.032606676
0.032599844
0.03259298
0.0325861
0.032579217
0.03257233
0.03256545
0.03255856
0.032551657
0.032544747
0.03253784
0.03253093
0.032524023
0.032517105
0.032510173
0.032503225
0.032496277
0.032489333
0.032482382
0.032475416
0.032468442
0.03246145
0.032454446
0.032447424
0.032440387
0.03243333
0.03242626
0.03241917
0.03241208
0.032404955
0.032397814
0.032390658
0.032383483
0.03237629
0.03236908
0.032361858
0.032354623
0.032347377
0.03234011
0.032332826
0.03232552
0.032318186
0.03231084
0.03230346
0.03229606
0.032288644
0.0322812
0.032273736
0.03226625
0.03225875
0.03225123
0.032243688
0.03223614
0.032228556
0.032220952
0.032213315
0.032205645
0.032197956
0.032190222
0.03218244
0.032174613
0.03216674
0.03215884
0.03215091
0.03214295
0.032134946
0.03212691
0.032118846
0.03211073
0.03210258
0.032094397
0.03208618
0.03207792
0.032069627
0.032061297
0.032052945
0.032044545
0.03203611
0.032027643
0.03201914
0.0320106
0.03200204
0.03199345
