0.0	0.0	0.0
0.0	0.0	0.0
0.0	0.0	0.0
0.0	0.0	0.0
0.0	0.0	0.0
0.0	0.0	0.0
0.0	0.0	0.0
0.0	0.0	0.0
0.0	0.0	0.0
0.0	0.0	0.0
0.0	0.0	0.0
1.0	0.003134796238244514	0.00625
1.0	0.003134796238244514	0.00625
1.0	0.003134796238244514	0.00625
1.0	0.003134796238244514	0.00625
0.3333333333333333	0.003134796238244514	0.006211180124223602
0.5	0.006269592476489028	0.012383900928792569
0.3333333333333333	0.009404388714733543	0.018292682926829267
0.2727272727272727	0.009404388714733543	0.01818181818181818
0.23809523809523808	0.01567398119122257	0.02941176470588235
0.2	0.01567398119122257	0.02906976744186046
0.20833333333333334	0.01567398119122257	0.029154518950437316
0.1875	0.018808777429467086	0.03418803418803419
0.23529411764705882	0.025078369905956112	0.04532577903682719
0.2631578947368421	0.03134796238244514	0.05602240896358542
0.25	0.03761755485893417	0.06539509536784742
0.32075471698113206	0.05329153605015674	0.0913978494623656
0.33962264150943394	0.05642633228840126	0.09677419354838711
0.3466666666666667	0.08150470219435736	0.1319796954314721
0.35135135135135137	0.08150470219435736	0.13231552162849872
0.35443037974683544	0.0877742946708464	0.1407035175879397
0.35714285714285715	0.09404388714733543	0.14888337468982632
0.3595505617977528	0.10031347962382445	0.1568627450980392
0.32673267326732675	0.10344827586206896	0.15714285714285714
0.30392156862745096	0.09717868338557993	0.14726840855106887
0.336	0.13166144200626959	0.1891891891891892
0.325	0.12225705329153605	0.1776765375854214
0.33587786259541985	0.13793103448275862	0.19555555555555554
0.312	0.12225705329153605	0.17567567567567566
0.3	0.12225705329153605	0.17371937639198215
0.31724137931034485	0.14420062695924765	0.1982758620689655
0.34375	0.1724137931034483	0.22964509394572025
0.3051948051948052	0.14733542319749215	0.19873150105708245
0.31901840490797545	0.16300940438871472	0.21576763485477177
0.304635761589404	0.14420062695924765	0.19574468085106383
0.32934131736526945	0.1724137931034483	0.2263374485596708
0.29651162790697677	0.15987460815047022	0.20773930753564157
0.3333333333333333	0.18495297805642633	0.2379032258064516
0.3157894736842105	0.16927899686520376	0.2204081632653061
0.3045977011494253	0.16614420062695925	0.2150101419878296
0.3298429319371728	0.1974921630094044	0.2470588235294118
0.3160621761658031	0.19122257053291536	0.23828125
0.32673267326732675	0.20689655172413793	0.2533589251439539
0.3229166666666667	0.19435736677115986	0.24266144814090024
0.32323232323232326	0.2006269592476489	0.24758220502901354
0.3096446700507614	0.19122257053291536	0.23643410852713181
0.3283582089552239	0.20689655172413793	0.25384615384615383
0.3147208121827411	0.19435736677115986	0.24031007751937986
0.3427230046948357	0.22884012539184953	0.2744360902255639
0.319047619047619	0.21003134796238246	0.25330812854442347
0.3317972350230415	0.22570532915360503	0.2686567164179105
0.3209302325581395	0.21630094043887146	0.2584269662921348
0.34375	0.2413793103448276	0.283609576427256
0.32075471698113206	0.21316614420062696	0.256120527306968
0.33620689655172414	0.2445141065830721	0.2831215970961887
0.32	0.22570532915360503	0.2647058823529412
0.32599118942731276	0.23197492163009403	0.27106227106227104
0.31363636363636366	0.21630094043887146	0.2560296846011132
