1.7327801
1.9778726
1.6686556
1.804642
1.6601826
1.6717496
1.57578
1.6597855
1.7757466
1.5606645
1.5386064
1.6264725
1.6174382
1.5846053
1.5781059
1.6042244
1.4149934
1.4112859
1.4594812
1.5273414
1.4254433
1.42474
1.4452374
1.5488541
1.4578903
1.4549999
1.4169961
1.5087569
1.3296607
1.3369113
1.3715162
1.4051373
1.4000676
1.3521047
1.2857006
1.3515084
1.2946991
1.3765649
1.2482542
1.3172519
1.332753
1.3916035
1.3325105
1.172413
1.2913303
1.3658531
1.3000686
1.3278086
1.1642671
1.1987975
1.2019033
1.1409955
