0.3004694835680751	0.2006269592476489	0.24060150375939848
0.32558139534883723	0.219435736677116	0.2621722846441948
0.30288461538461536	0.1974921630094044	0.23908918406072108
0.3333333333333333	0.22570532915360503	0.2691588785046729
0.29545454545454547	0.20376175548589343	0.24118738404452691
0.3242009132420091	0.2225705329153605	0.26394052044609667
0.319634703196347	0.219435736677116	0.26022304832713755
0.36363636363636365	0.2507836990595611	0.29684601113172543
0.3090909090909091	0.21316614420062696	0.25231910946196656
0.34977578475336324	0.2445141065830721	0.2878228782287823
