1.9939884
0.9359809
0.9325745
0.83412826
0.93750596
0.86518824
0.8637098
0.916175
0.92995805
0.8144808
0.88043207
0.8662143
0.80489576
0.8091749
0.82706904
0.81227314
0.79784894
0.757836
0.80825526
0.72075975
0.7356883
0.7813126
0.8111566
0.7323191
0.77520025
0.7358618
0.7520778
0.6804731
0.73411816
0.7977648
0.7467632
0.749545
0.74620414
0.73611784
0.73753136
0.74426126
0.7232349
0.73355687
0.72018003
0.7465662
0.7291886
0.71477795
0.74491906
0.67576325
0.6874441
0.62274617
0.6486902
0.6623685
0.6999471
0.7291907
0.6563387
0.62206066
0.67682314
0.6801108
0.6521301
0.5873423
0.61192745
0.672995
0.5933747
0.6059253
0.647596
0.5981005
0.5886909
0.59447914
0.6321386
0.61064804
0.57804877
0.59634423
0.6075995
0.58736414
0.58127755
0.5716413
0.61790764
0.58020055
0.5623504
0.5527631
0.5615009
0.59775275
0.6042217
0.5826676
0.5481358
0.5551212
0.51522464
0.55893373
0.5689088
0.5094685
0.5211948
0.5493539
0.5541409
0.53029853
0.5207807
0.5157931
0.5018835
0.56284153
0.50798655
0.5285951
0.5066798
0.5732663
0.53017503
0.49605137
0.5335929
0.4920137
0.48963684
0.5205918
0.49506915
0.4970839
0.5025437
0.48919192
0.46951506
0.4914896
0.505584
0.4656273
0.4682629
0.47470546
0.48023218
0.48549056
0.43039083
0.44616985
0.46483728
0.48110342
0.5076449
0.42357373
0.45243353
0.46628004
0.45444286
0.44590563
0.44842923
0.4935832
0.44246912
0.41567594
0.45314053
0.4203847
0.40124592
0.44636023
0.3850833
0.3697849
0.3775587
0.43508396
0.40970325
0.37889138
0.39419958
0.38000137
0.358023
0.4000054
0.462677
0.3752861
0.3700901
0.39721003
0.36765134
0.37692732
0.38414812
0.3949212
0.38358092
0.33630306
0.36228848
0.3640164
0.3758979
0.37686235
0.4700112
0.35566175
0.3212173
0.32673144
0.3485955
0.3198579
0.34309256
0.3445698
0.35948446
0.33981204
0.38121194
0.30229223
0.32227546
0.32496843
0.31990355
0.2958697
0.40981978
0.33130467
0.37837052
0.33258918
0.43882808
0.30697805
0.34335488
0.32026482
0.2741144
0.32644266
0.30543682
0.30972338
0.33358246
0.33461487
0.28099108
0.30365428
0.30006653
0.28221542
0.31527162
0.2916283
0.30049515
0.38073185
0.29378957
0.283984
0.28434435
0.26079118
0.26655406
0.28809166
0.31213194
0.28604418
0.25840202
0.24941388
0.2713137
0.27818036
0.3621926
0.29511264
0.265695
0.24412534
0.25944263
0.2528341
0.25941914
0.29677066
0.25281647
0.2591642
0.24756595
0.2360931
0.22768359
0.25476998
0.23690042
0.23258764
0.23987716
0.234707
0.23304288
0.24035586
0.2463109
0.31059077
0.24006917
0.2718404
0.22980645
0.23211277
0.23766738
0.23084548
0.25589848
0.27856904
0.20360342
0.21583474
0.22110413
0.20041452
0.21711078
0.21391985
0.21980157
0.23163661
0.28938484
0.19642839
0.17293572
0.17444263
0.20592934
0.19955412
0.20402089
0.22066735
0.1700586
0.20230752
0.19492099
0.18599772
0.20180339
0.20087126
0.19548579
0.199034
0.18416975
0.1966071
0.1839631
0.19767623
0.19030046
0.18044817
0.18707839
0.20386013
0.18848285
0.20488955
0.15165837
0.23455316
0.15863697
0.17088437
0.18122566
0.19999804
0.17856507
0.16066208
0.19000047
0.16402552
0.18089274
0.17005841
0.1742939
0.15447798
0.17850761
0.16211616
0.15956154
0.21635935
0.2103104
0.15673646
0.14049721
0.19975606
0.17676604
0.16611391
0.1573503
0.15275508
0.14224172
0.15107518
0.16483328
0.1560192
0.15465602
0.17562184
0.14620954
0.14987108
0.158665
0.18891081
0.22440617
0.17581609
0.20286122
0.12986872
0.13562027
0.14230886
0.164296
0.13090737
0.14408877
0.12357323
0.12940791
0.14915301
0.14275584
0.12222014
0.12853095
0.16316885
0.11795138
0.12791878
0.14403434
0.12512891
0.139323
0.12224248
0.19264194
0.12521009
0.11251495
0.12739863
0.1350625
0.10719908
0.1396062
0.12836683
0.12130724
0.12043677
0.11242825
0.13781886
0.12086317
0.12618388
0.1197819
0.12220757
0.10653068
0.11999019
0.12568235
0.117505535
0.117555544
0.12274581
0.11100468
0.09916198
0.102385
0.104219735
0.12056805
0.11206723
0.116806045
0.20574644
0.12933376
0.11926754
0.120657735
0.09332812
0.11680697
0.101373844
0.11159369
0.15464856
0.09608531
0.09605167
0.09709861
0.097986296
0.109365344
0.09731965
0.088752255
0.09493704
0.20109488
0.0881421
0.10973671
0.091811836
0.09076223
0.09308054
0.12537435
0.15391359
0.097746104
0.082734674
0.077237196
0.09608709
0.08861183
0.16072153
0.09519336
0.07990055
0.08409944
0.08663857
0.079839386
0.09943746
0.077566005
0.09633368
0.08087352
0.097278014
0.08259418
0.08264538
0.08322051
0.07683827
0.07455609
0.08565305
0.06836616
0.077328816
0.061939392
0.072053894
0.0746626
0.06444423
0.07675375
0.2526913
0.08125915
0.06607791
0.057022773
0.06590867
0.069365814
0.06633129
0.1535329
0.1960993
0.05730348
0.056983057
0.07133269
0.07763395
0.07128937
0.08856134
0.06608699
0.055958025
0.18245125
0.09037159
0.06470981
0.070453
0.04950232
0.07388681
0.06145449
0.06968109
0.06269457
0.05956991
0.15735494
0.069730386
0.06480153
0.15361834
0.06809308
0.07687302
0.14841667
0.0503631
0.06124028
0.058211356
0.050738595
0.047778443
0.04253711
0.04682038
0.31448817
0.13096964
0.04585485
0.12606241
0.05392313
0.054470923
0.050918587
0.12388337
0.05182705
0.05078908
0.043138314
0.048336603
0.043898
0.047382284
0.044821844
0.042361982
0.04412706
0.049452174
0.047554664
0.121792816
0.045266137
0.043536007
0.0515897
0.03567983
0.03969565
0.040420987
0.03870442
0.035821684
0.07220456
0.14012237
0.042321898
0.034803696
0.036946535
0.041306857
0.035116978
0.04752933
0.034424875
0.035302162
0.03466735
0.03506781
0.03597366
0.049732745
0.11330736
0.034125812
0.35346028
0.037487905
0.030051531
0.035008866
0.13122691
0.037418053
0.03934734
0.033708654
0.030449566
0.033781253
0.03764947
0.034473848
0.029045608
0.084777
0.034355372
0.032624993
0.030491298
0.032276526
0.027680755
0.024227045
0.029448649
0.027074443
0.03077405
0.027179837
0.020632517
0.021855451
0.03222824
0.021647148
0.020587299
0.035020813
0.029742368
0.030861603
0.615119
0.024304697
0.02590968
0.056705527
0.0314304
0.02013576
0.021363158
0.13222916
0.02918914
0.028775768
0.0235416
0.029380448
0.020841427
0.121824265
0.11039575
0.027667766
0.028090667
0.019319829
3.6611578
0.028543908
0.019616637
0.016843855
0.027691979
0.03225747
0.015665509
0.020769209
0.016222717
0.06535724
0.04582774
0.061469097
