0.30973451327433627	0.219435736677116	0.25688073394495414
0.3404255319148936	0.2507836990595611	0.28880866425992774
0.3173913043478261	0.22884012539184953	0.2659380692167578
0.3360995850622407	0.25391849529780564	0.2892857142857143
0.3114754098360656	0.23824451410658307	0.2699822380106572
0.340080971659919	0.26332288401253917	0.2968197879858657
0.3017241379310345	0.219435736677116	0.2540834845735027
0.34	0.2664576802507837	0.29876977152899825
0.31092436974789917	0.23197492163009403	0.26570915619389585
0.3497942386831276	0.2664576802507837	0.30249110320284694
0.3050847457627119	0.22570532915360503	0.2594594594594595
0.3463035019455253	0.27899686520376177	0.3090277777777778
0.30833333333333335	0.23197492163009403	0.26475849731663686
0.34108527131782945	0.27586206896551724	0.3050259965337955
0.31983805668016196	0.2476489028213166	0.27915194346289757
0.3425196850393701	0.2727272727272727	0.3036649214659686
0.3153526970954357	0.23824451410658307	0.2714285714285714
0.32	0.2507836990595611	0.28119507908611596
0.324	0.25391849529780564	0.2847100175746925
0.3471698113207547	0.2884012539184953	0.3150684931506849
0.3151750972762646	0.25391849529780564	0.28125
0.3458646616541353	0.2884012539184953	0.31452991452991447
0.31906614785992216	0.25705329153605017	0.2847222222222222
0.3373015873015873	0.2664576802507837	0.297723292469352
0.3412698412698413	0.26959247648902823	0.3012259194395797
0.3269961977186312	0.26959247648902823	0.29553264604810997
0.3204633204633205	0.2601880877742947	0.2871972318339101
0.30278884462151395	0.23824451410658307	0.26666666666666666
0.358974358974359	0.3072100313479624	0.3310810810810811
0.30708661417322836	0.2445141065830721	0.2722513089005235
0.3284132841328413	0.27899686520376177	0.3016949152542373
0.3269230769230769	0.2664576802507837	0.29360967184801384
0.3169811320754717	0.26332288401253917	0.2876712328767123
0.3382352941176471	0.2884012539184953	0.31133671742808794
0.2900763358778626	0.23824451410658307	0.261617900172117
0.32592592592592595	0.27586206896551724	0.2988115449915111
0.2952755905511811	0.23510971786833856	0.26178010471204194
0.32575757575757575	0.26959247648902823	0.2950257289879931
0.30038022813688214	0.2476489028213166	0.2714776632302406
0.3345724907063197	0.28213166144200624	0.30612244897959184
0.2950191570881226	0.2413793103448276	0.2655172413793104
0.3248175182481752	0.27899686520376177	0.30016863406408095
0.311787072243346	0.25705329153605017	0.281786941580756
0.31970260223048325	0.26959247648902823	0.2925170068027211
0.3212996389891697	0.27899686520376177	0.2986577181208054
0.30855018587360594	0.2601880877742947	0.28231292517006806
0.31316725978647686	0.27586206896551724	0.29333333333333333
0.30223880597014924	0.25391849529780564	0.2759795570698467
0.32142857142857145	0.28213166144200624	0.30050083472454087
0.29924242424242425	0.2476489028213166	0.2710120068610634
0.31785714285714284	0.27899686520376177	0.29716193656093487
0.30337078651685395	0.25391849529780564	0.27645051194539255
0.3188405797101449	0.27586206896551724	0.29579831932773104
0.3014705882352941	0.25705329153605017	0.2774957698815566
0.3284132841328413	0.27899686520376177	0.3016949152542373
0.32222222222222224	0.2727272727272727	0.29541595925297115
0.33941605839416056	0.29153605015673983	0.3136593591905565
0.3272058823529412	0.27899686520376177	0.30118443316412863
0.3090909090909091	0.2664576802507837	0.2861952861952862
0.28679245283018867	0.23824451410658307	0.26027397260273977
0.3057553956834532	0.2664576802507837	0.2847571189279732
0.2952029520295203	0.2507836990595611	0.2711864406779661
0.30685920577617326	0.2664576802507837	0.28523489932885904
0.30685920577617326	0.2664576802507837	0.28523489932885904
0.3041958041958042	0.2727272727272727	0.287603305785124
0.2852112676056338	0.25391849529780564	0.2686567164179104
0.2892857142857143	0.25391849529780564	0.27045075125208684
0.2945205479452055	0.26959247648902823	0.281505728314239
0.27816901408450706	0.2476489028213166	0.2620232172470978
0.29491525423728815	0.2727272727272727	0.28338762214983715
0.28378378378378377	0.26332288401253917	0.27317073170731704
0.3082191780821918	0.28213166144200624	0.29459901800327326
0.28135593220338984	0.2601880877742947	0.2703583061889251
0.27666666666666667	0.2601880877742947	0.2681744749596122
0.2842809364548495	0.2664576802507837	0.27508090614886727
0.30434782608695654	0.2852664576802508	0.29449838187702265
0.28	0.26332288401253917	0.27140549273021
0.28859060402684567	0.26959247648902823	0.27876823338735823
0.28523489932885904	0.2664576802507837	0.2755267423014586
0.2755102040816326	0.25391849529780564	0.26427406199021203
0.27906976744186046	0.26332288401253917	0.27096774193548384
0.27181208053691275	0.25391849529780564	0.26256077795786065
0.28619528619528617	0.2664576802507837	0.275974025974026
0.2908496732026144	0.27899686520376177	0.2848
0.27759197324414714	0.2601880877742947	0.26860841423948223
0.2908496732026144	0.27899686520376177	0.2848
0.2785234899328859	0.2601880877742947	0.2690437601296597
0.2724252491694352	0.25705329153605017	0.2645161290322581
0.27483443708609273	0.2601880877742947	0.26731078904991945
0.26885245901639343	0.25705329153605017	0.26282051282051283
0.262987012987013	0.25391849529780564	0.2583732057416268
0.26644736842105265	0.25391849529780564	0.26003210272873195
0.2662337662337662	0.25705329153605017	0.2615629984051037
0.2581699346405229	0.2476489028213166	0.2528
0.26537216828478966	0.25705329153605017	0.2611464968152866
0.2524271844660194	0.2445141065830721	0.2484076433121019
0.27419354838709675	0.2664576802507837	0.2702702702702703
0.26058631921824105	0.2507836990595611	0.25559105431309903
0.26282051282051283	0.25705329153605017	0.25990491283676703
0.2736156351791531	0.26332288401253917	0.26837060702875404
0.26198083067092653	0.25705329153605017	0.2594936708860759
0.2588996763754045	0.2507836990595611	0.2547770700636942
0.23322683706070288	0.22884012539184953	0.2310126582278481
0.2484076433121019	0.2445141065830721	0.24644549763033177
0.25	0.2476489028213166	0.24881889763779527
0.2467948717948718	0.2413793103448276	0.24405705229793975
0.2484076433121019	0.2445141065830721	0.24644549763033177
0.23717948717948717	0.23197492163009403	0.23454833597464342
0.23174603174603176	0.22884012539184953	0.23028391167192427
0.24838709677419354	0.2413793103448276	0.24483306836248014
0.26031746031746034	0.25705329153605017	0.25867507886435337
0.24838709677419354	0.2413793103448276	0.24483306836248014
