0.2545196
0.05278236
0.050546132
0.04958025
0.048649747
0.047754254
0.04689415
0.04606883
0.04527814
0.044521548
0.04379829
0.043107882
0.04244962
0.04182254
0.041226145
0.04065936
0.040121462
0.039611556
0.039128598
0.038671352
0.03823908
0.03783076
0.03744521
0.0370814
0.036738236
0.036414653
0.036109984
0.035823062
0.035552915
0.035298552
0.035059143
0.03483382
0.03462179
0.03442226
0.03423446
0.0340577
0.03389134
0.03373472
0.033587184
0.03344813
0.033317044
0.03319342
0.033076793
0.032966703
0.0328627
0.032764424
0.032671496
0.03258357
0.032500297
0.029784227
0.029727388
0.029673222
0.029621571
0.02957228
0.0295252
0.0294802
0.029437134
0.02939588
0.02935634
0.029318392
0.029281942
0.0292469
0.029213175
0.029180689
0.029149354
0.029119108
0.02908988
0.029061615
0.029034246
0.029007714
0.02898197
0.028956968
0.028932672
0.028909035
0.02888602
0.028863585
0.028841695
0.028820321
0.028799431
0.028778989
0.028758978
0.02873938
0.028720165
0.028701313
0.028682804
0.028664624
0.02864675
0.028629173
0.02861187
0.028594833
0.028578026
0.028561452
0.028545106
0.028528973
0.028513055
0.028497312
0.028481752
0.028466372
0.028451176
0.028436178
0.028421337
0.028406657
0.02839216
0.028377807
0.028363612
0.028349543
0.0283356
0.028321762
0.028308043
0.028294431
0.028280923
0.028267512
0.028254196
0.02824098
0.02822785
0.028214816
0.028201872
0.028189015
0.028176233
0.028163536
0.02815092
0.028138379
0.0281259
0.028113494
0.028101148
0.028088875
0.028076662
0.02806451
0.028052406
0.02804035
0.028028345
0.028016414
0.02800457
0.027992781
0.027981052
0.027969373
0.027957749
0.027946182
0.027934656
0.027923184
0.027911764
0.027900402
0.027889093
0.027877836
0.027866622
0.027855469
0.027844388
0.027833348
0.027822359
0.027811412
0.027800506
0.027789649
0.027778823
0.02776804
0.027757298
0.027746592
0.02773593
0.027725304
0.02771469
0.027704118
0.027693572
0.027683055
0.02767257
0.027662141
0.027651753
0.027641395
0.027631104
0.027620848
0.02761062
0.027600436
0.027590279
0.027580159
0.027570082
0.027560038
0.027550025
0.027540045
0.027530089
0.02752015
0.02751024
0.02750036
0.027490502
0.027480673
0.027470872
0.027461095
0.027451351
0.027441626
0.027431916
0.027422236
0.027412582
0.027402954
0.027393347
0.027383761
0.027374199
0.027364641
0.027355103
0.027345583
0.027336072
0.027326573
0.027317092
0.027307633
0.027298195
0.027288768
0.027279358
0.02726996
0.02726058
0.027251221
0.027241886
0.027232544
0.027223218
0.027213914
0.027204623
0.027195342
0.027186073
0.027176812
0.027167544
0.027158294
0.02714905
0.02713982
0.027130596
0.027121384
0.02711217
0.027102966
0.027093813
0.02708467
0.02707554
0.02706642
0.027057307
0.027048208
0.02703911
0.027029995
0.027020838
0.027011685
0.027002541
0.026993398
0.026984261
0.026975134
0.026966004
0.026956875
0.026947744
0.026938614
0.026929509
0.0269204
0.026911288
0.026902162
0.026893046
0.026883934
0.026874822
0.026865706
0.026856592
0.026847478
0.026838364
0.026829248
0.026820125
0.026810983
0.026801832
0.026792658
0.026783448
0.026774235
0.026765004
0.02675577
0.02674654
0.026737304
0.02672806
0.02671881
0.026709566
0.026700305
0.026691033
0.026681744
0.026672428
0.026663082
0.026653718
0.026644353
0.026634961
0.026625551
0.026616126
0.026606696
0.026597254
0.0265878
0.02657831
0.026568804
0.02655927
0.026549717
0.026540147
0.026530564
0.026520958
0.026511332
0.026501687
0.026492016
0.026482327
0.026472637
0.02646296
0.026453255
0.026443534
0.026433786
0.02642402
0.026414223
0.0264044
0.026394565
0.026384685
0.026374776
0.02636483
0.026354851
0.026344845
0.026334818
0.026324756
0.026314659
0.026304524
0.026294349
0.026284132
0.026273882
0.02626359
0.026253263
0.026242886
0.026232464
0.02622201
0.026211523
0.026200995
0.026190434
0.02617983
0.026169185
0.026158491
0.02614776
0.026136983
0.026126161
0.026115296
0.02610439
0.02609344
0.026082452
0.026071418
0.026060348
0.026049232
0.026038064
0.026026854
0.026015593
0.026004275
0.025992904
0.025981486
0.025970012
0.02595849
0.025946917
0.0259353
0.025923612
0.025911838
0.025899986
0.025888074
0.025876103
0.02586405
0.025851943
0.025839768
0.025827536
0.025815235
0.025802879
0.025790473
0.025778012
0.02576549
0.025752904
0.025740251
0.025727531
0.025714744
0.025701893
0.025688978
0.025675995
0.025662927
0.025649764
0.025636533
0.025623202
0.025609808
0.025596336
0.025582781
0.025569161
0.025555475
0.025541702
0.025527805
0.02551383
0.025499772
0.025485637
0.025471417
0.025457121
0.025442736
0.02542827
0.025413718
0.025399065
0.025384327
0.025369518
0.025354609
0.025339574
0.025324455
0.025309257
0.025293985
0.025278628
0.025263174
0.025247643
0.025232045
0.025216354
0.025200566
0.025184678
0.025168696
0.02515261
0.025136447
0.025120199
0.025103876
0.025087448
0.025070924
0.025054302
0.025037568
0.025020732
0.025003787
0.02498673
0.024969567
0.02495228
0.024934847
0.02491726
0.02489956
0.024881745
0.024863813
0.024845762
0.024827627
0.024809398
0.024791056
0.02477259
0.024754003
0.024735292
0.024716465
0.024697494
0.024678381
0.024659136
0.024639767
0.024620278
0.024600726
0.024581082
0.024561314
0.024541413
0.024521383
0.024501204
0.024480902
0.024460452
0.024439894
0.024419188
0.024398329
0.024377327
0.02435619
0.024334913
0.024313495
0.024291879
0.024270076
0.024248157
0.024226092
0.024203882
0.024181526
0.02415897
0.024136245
0.02411328
0.024090169
0.02406693
0.02404358
0.02402008
0.023996448
0.02397269
0.02394878
0.023924714
0.023900513
0.023876179
0.023851706
0.02382709
0.02380232
0.023777386
0.023752287
0.02372703
0.023701629
0.023676088
0.023650376
0.023624504
0.02359848
0.023572309
0.023545971
0.023519475
0.023492943
0.02346632
0.023439562
0.02341265
0.023385629
0.023358442
0.02333108
0.023303539
0.023275817
0.023247898
0.023219803
0.023191577
0.023163198
0.023134666
0.023106001
0.02307718
0.023048187
0.023019018
0.022989694
0.022960193
0.022930507
0.02290064
0.022870539
0.022840241
0.022809785
0.022779161
0.022748357
0.02271737
0.022686208
0.02265492
0.022623444
0.022591783
0.022559948
0.022528023
0.022495918
0.022463683
0.022431256
0.022398667
0.022365911
0.022333102
0.022300107
0.022266936
0.022233576
0.022200027
0.022166312
0.022132453
0.022098409
0.022064174
0.022029763
0.021995176
0.021960506
0.021925643
0.021890588
0.021855367
0.021820005
0.021784527
0.021748856
0.021712985
0.021676892
0.021640595
0.021604076
0.021567382
0.021530505
0.021493476
0.021456309
0.021418953
0.021381397
0.021343714
0.021305885
0.021267816
0.021229565
0.021191133
0.02115253
0.021113712
0.021074727
0.021035563
0.020996204
0.020956676
0.020917008
0.020877147
0.020837093
0.020796886
0.02075651
0.020715952
0.020675212
0.020634327
0.020593267
0.020552047
0.020510633
0.020469017
0.020427201
0.0203852
0.020343011
0.020300696
0.020258205
0.020215563
0.020172767
0.020129805
0.020086702
0.020043507
0.020000119
0.019956568
0.019912867
0.01986899
0.019825004
0.01978091
0.019736644
0.019692274
0.01964773
0.019603008
0.019558137
0.019513188
0.019468086
0.01942282
0.019377377
0.019331802
0.019286064
0.019240193
0.019194184
0.01914802
0.019101681
0.01905516
0.019008506
0.018961739
0.018914869
0.018867908
0.018820833
0.018773682
0.018726382
0.018678967
0.018631434
0.018583756
0.018536003
0.018488215
0.01844033
0.018392364
0.01834434
0.018296255
0.018248046
0.01819973
0.018151365
0.018102936
0.018054398
0.018005786
0.01795715
0.017908474
0.017859748
0.017810911
0.017761987
0.017712956
0.017663863
0.01761474
0.017565567
0.017516337
0.017467044
0.017417647
0.017368153
0.01731858
0.017268915
0.017219167
0.01716939
0.017119545
0.017069656
0.017019728
0.016969789
0.016919803
0.01686979
0.016819704
0.016769568
0.016719384
0.01666916
0.016618906
0.016568622
0.016518345
0.016468093
0.016417896
0.016367657
0.016317405
0.016267119
0.016216822
0.016166551
0.016116282
0.016066011
0.016015703
0.015965354
0.015915005
0.015864784
0.015814612
0.015764449
0.015714314
0.015664238
0.015614228
0.015564216
0.01551421
0.015464199
0.015414204
0.015364226
0.015314283
0.015264403
0.015214552
0.015164732
0.015114995
0.015065376
0.015015751
0.014966156
0.014916586
0.014867042
0.014817521
0.014767984
0.0147184655
0.0146690095
0.0146196205
0.014570305
0.014521023
0.014471771
0.01442257
0.014373376
0.014324262
0.014275201
0.014226218
0.0141773615
0.014128697
0.01408015
0.01403174
0.013983462
0.013935312
0.013887227
0.013839246
0.013791377
0.013743622
0.013695958
0.013648417
0.013601012
0.013553733
0.013506577
0.013459535
0.013412605
0.013365871
0.013319249
0.013272732
0.013226329
0.013180034
0.01313379
0.013087629
0.013041591
0.012995627
0.012949765
0.012904003
0.012858362
0.012812846
0.012767488
0.012722271
0.01267721
0.012632354
0.012587675
0.012543138
0.012498766
0.012454526
0.01241044
0.01236652
0.012322789
0.0122792
0.012235751
0.012192447
0.01214925
0.012106142
0.01206316
0.012020315
0.011977624
0.011935108
0.0118927555
0.011850553
0.011808516
0.011766636
0.011724925
0.011683454
0.011642173
0.011601073
0.011560157
0.011519382
0.01147876
0.011438275
0.011398021
0.011357993
0.011318142
0.01127846
0.011238992
0.011199687
0.011160548
0.011121595
0.011082846
0.0110443495
0.011006077
0.010967991
0.010930081
0.010892356
0.010854766
0.010817342
0.010780134
0.010743121
0.01070627
0.010669623
0.010633151
0.0105968425
0.010560685
0.010524699
0.010488913
0.010453311
0.010417918
0.0103827715
0.010347818
0.010313107
0.010278579
0.010244259
0.010210163
0.010176358
0.010142755
0.010109318
0.010076057
0.010042982
0.01001008
0.009977354
0.009944815
0.009912445
0.009880244
0.0098482175
0.009816361
0.00978468
0.009753149
0.009721772
0.0096905595
0.009659509
0.009628656
0.009597991
0.009567498
0.009537199
0.009507114
0.0094773
0.009447672
0.009418246
0.009389
0.009359931
0.009331036
0.009302313
0.009273767
0.009245397
0.00921722
0.0091892015
0.0091613345
0.009133628
0.009106082
0.009078719
0.009051529
0.009024527
0.008997758
0.008971143
0.008944689
0.0089183925
0.008892248
0.008866272
0.00884046
0.008814825
0.008789342
0.008764009
0.008738806
0.008713777
0.008688895
0.00866417
0.008639615
0.008615235
0.00859102
0.008566975
0.008543096
0.008519379
0.008495823
0.008472459
0.008449241
0.008426194
0.00840331
0.008380558
0.00835795
0.0083355
0.008313215
0.008291089
0.008269124
0.008247295
0.0082256235
0.008204116
0.008182734
0.008161459
0.008140315
0.0081193065
0.008098451
0.008077729
0.008057169
0.00803681
0.008016594
0.007996523
0.007976589
0.007956775
0.0079371
0.007917552
0.007898124
0.007878797
0.007859593
0.007840515
0.007821554
0.0078027155
0.007783995
0.007765387
0.0077469065
0.0077285687
0.0077103637
0.00769228
0.00767431
0.0076564485
0.0076387026
0.0076210685
0.007603553
0.007586161
0.0075688865
0.007551752
0.007534727
0.007517825
0.007501036
0.0074843513
0.0074677733
0.0074512986
0.0074349223
0.0074186586
0.0074025393
0.0073865503
0.0073706503
0.0073548434
0.007339135
0.007323529
0.007308038
0.0072926744
0.0072774263
0.0072622863
0.007247251
0.0072323135
0.00721747
0.0072027314
0.0071880943
0.0071735494
0.007159093
0.0071447357
0.0071304897
0.0071163406
0.0071022846
0.007088323
0.0070744613
0.0070606926
0.0070470306
0.007033447
0.007019948
0.0070065344
0.0069931997
0.0069799493
0.0069667776
0.0069536935
0.0069406764
0.0069277333
0.0069148433
0.006902033
0.0068893223
0.006876697
0.0068641803
0.0068517593
0.006839413
0.0068271407
0.0068149427
0.006802824
0.006790784
0.0067788213
0.0067669335
0.006755117
0.0067433743
0.006731739
0.006720178
0.006708678
0.006697235
0.0066858237
0.0066744843
0.00666321
0.006652008
0.0066408888
0.006629847
0.006618882
0.006607991
0.0065971725
0.0065864157
0.0065757176
0.006565078
0.0065544946
0.006543971
0.0065334924
0.0065230764
0.0065127145
0.006502407
0.006492149
0.006481952
0.0064718183
0.006461748
0.0064517423
0.006441789
0.0064318953
0.0064220573
0.006412278
0.006402554
0.006392882
0.006383271
0.0063737226
0.006364233
0.006354819
0.0063454565
0.006336149
0.006326912
0.0063177384
0.0063086227
0.0062995553
0.0062905424
0.006281592
0.006272706
0.006263883
0.006255108
0.0062463856
0.0062377104
0.006229081
0.006220497
0.006211952
0.0062034535
0.006195003
0.0061865957
0.0061782356
0.006169922
0.006161651
0.0061534257
0.0061452496
0.006137135
0.0061290804
0.006121108
0.00611318
0.006105306
0.0060974746
0.006089683
0.0060819336
0.006074224
0.0060665547
0.006058927
0.0060513397
0.0060437894
0.006036279
0.0060288096
0.006021378
0.0060139894
0.0060066413
0.0059993323
0.005992041
0.005984759
0.0059775133
0.0059702904
0.0059631034
0.0059559564
0.005948843
0.005941766
0.005934727
0.0059277276
0.0059207585
0.00591383
0.0059069563
0.0059001176
0.005893314
0.0058865543
0.005879825
0.00587313
0.0058664656
0.005859835
0.0058532357
0.0058466685
0.005840134
0.005833628
0.0058271545
0.0058207125
0.0058143046
0.005807932
0.00580159
0.0057952823
0.005789004
0.005782757
0.0057765455
0.005770363
0.0057642073
0.005758087
0.0057519907
0.0057459283
0.005739916
0.005733952
0.005728012
0.0057221004
0.005716217
0.0057103615
0.0057045403
0.0056987437
0.005692959
0.0056872163
0.0056815105
0.0056758323
0.00567018
0.005664551
0.0056589493
0.005653374
0.005647828
0.0056423084
0.005636812
0.005631334
0.0056258775
0.0056204484
0.005615053
0.005609678
0.0056043277
0.005599
0.0055936947
0.005588421
0.005583191
0.0055779833
0.0055727963
0.005567631
0.0055624875
0.005557366
0.0055522686
0.005547191
0.005542131
0.0055370894
0.005532064
0.0055270516
0.0055220635
0.005517109
0.0055121696
0.005507246
0.0055023488
0.005497472
0.0054926155
0.0054877778
0.005482962
0.005478168
0.005473395
0.0054686447
0.0054639135
0.005459202
0.0054545086
0.0054498366
0.0054451865
0.005440551
0.0054359185
0.0054313038
0.0054267067
0.0054221284
0.005417565
0.005413022
0.0054084957
0.0054040113
0.005399543
0.005395094
0.0053906543
0.005386217
0.005381797
0.0053774007
0.0053730197
0.0053686537
0.005364305
0.005359975
0.0053556594
0.005351359
0.005347073
0.005342804
0.005338548
0.0053343074
0.0053300816
0.005325869
0.0053216703
0.005317487
0.005313315
0.005309167
0.0053050425
0.005300932
0.0052968343
0.00529275
0.005288679
0.0052846214
0.0052805766
0.0052765436
0.005272533
0.005268543
0.0052645705
0.0052606137
0.0052566705
0.0052527427
0.00524883
0.0052449284
0.0052410415
0.005237166
0.005233303
0.005229452
0.005225613
0.005221784
0.005217968
0.00521417
0.005210382
0.0052066073
0.005202844
0.0051990943
0.0051953667
0.005191655
0.0051879543
0.005184264
0.0051805843
0.0051769125
0.005173252
0.005169607
0.0051659737
0.0051623518
0.0051587396
0.0051551373
0.0051515466
0.0051479666
0.0051443917
0.0051408266
0.005137272
0.0051337467
0.00513023
0.0051267226
0.005123225
0.005119738
0.005116269
0.0051128063
0.005109345
0.0051058927
0.0051024486
0.0050989985
0.0050955582
0.0050921254
0.00508871
0.005085314
0.0050819265
0.0050785486
0.0050751804
0.005071823
0.0050684786
0.005065144
0.005061825
0.0050585116
0.0050552073
0.0050519127
0.005048628
0.005045356
0.00504209
0.005038833
0.0050355853
0.005032347
0.0050291177
0.0050258962
0.005022682
0.0050194776
0.005016291
0.0050131115
0.005009945
0.005006792
0.005003649
0.005000515
0.0049974
0.004994289
0.0049911723
0.0049880636
0.0049849614
0.00498185
0.004978732
0.004975621
0.0049725217
0.0049694306
0.004966346
0.004963269
0.0049602143
0.004957158
0.0049541127
0.004951051
0.0049479967
0.004944949
0.0049419086
0.004938885
0.0049358783
0.004932878
0.0049298834
0.004926894
0.0049239113
0.0049209334
0.004917963
0.004914997
0.004912038
0.004909085
0.00490614
0.0049031894
0.004900201
0.0048972196
0.004894244
0.0048912754
0.0048883115
0.004885354
0.0048824023
0.004879458
0.004876517
0.004873586
0.004870669
0.0048677693
0.0048648743
0.004861987
0.0048591066
0.0048562232
0.004853328
0.0048504374
0.0048475526
0.004844672
0.004841791
0.0048388964
0.004836006
0.004833122
0.004830249
0.004827419
0.0048245927
0.004821772
0.0048189564
0.0048161456
0.0048133396
0.0048105377
0.004807741
0.0048049483
0.004802162
0.0047993795
0.0047966037
0.004793835
0.004791064
0.0047882856
0.004785511
0.0047827414
0.0047799805
0.00477727
0.004774564
0.004771862
0.004769165
0.0047664735
0.004763793
0.004761109
0.00475842
0.004755735
0.004753054
0.004750376
0.004747703
0.004745034
0.004742373
0.004739727
0.004737089
0.004734462
0.004731842
0.0047292234
0.0047265897
0.004723969
0.0047213607
0.0047187554
0.004716153
0.0047135334
0.0047109043
0.0047082882
0.00470571
0.004703117
0.004700528
0.004697943
0.0046953624
0.0046927906
0.00469022
0.004687648
0.004685077
0.0046825116
0.004679949
0.0046773893
0.0046748347
0.0046722875
0.004669749
0.004667213
0.0046646832
0.0046621547
0.0046596285
0.0046570906
0.0046545537
0.004652024
0.004649499
0.0046469783
0.0046444614
0.0046419473
0.004639436
0.004636928
0.0046344255
0.0046319272
0.004629435
0.0046269423
0.00462445
0.004621944
0.00461944
0.004616939
0.0046144323
0.004611928
0.0046094265
0.0046069287
0.004604424
0.0046019
0.0045993556
0.004596813
0.0045942753
0.004591742
0.004589211
0.004586684
0.0045841592
0.0045816367
0.0045791175
0.004576605
0.0045740916
0.0045715524
0.004569063
0.0045665745
0.004564079
0.004561572
0.004559074
0.004556603
0.0045541413
0.004551681
0.0045492146
0.0045467303
0.0045442423
0.00454176
0.0045392797
0.004536837
0.004534397
0.0045319586
0.004529523
0.004527089
0.004524664
0.004522251
0.0045198384
0.0045174337
0.004515036
0.0045126397
0.004510247
0.004507855
0.004505458
0.0045030643
0.0045006718
0.004498282
0.004495893
0.0044935076
0.004491125
0.0044887527
0.004486389
0.0044840304
0.0044816677
0.004479316
0.0044769677
0.00447462
0.004472272
0.0044699204
0.00446757
0.004465222
0.004462869
0.0044605285
0.004458191
0.0044558547
0.004453521
0.0044511864
0.0044488534
0.0044465307
0.00444421
0.0044418913
0.0044395737
0.0044372575
0.0044349423
0.0044326293
0.0044303164
0.0044280062
0.004425697
0.0044233873
0.0044210753
0.0044187624
0.0044164504
0.004414147
0.004411844
0.0044095432
0.004407243
0.004404945
0.004402649
0.004400355
0.004398061
0.004395769
0.0043934775
0.0043911883
0.0043889
0.004386615
0.0043843323
0.00438205
0.004379769
0.0043774894
0.0043752114
0.004372934
0.0043706563
0.0043683806
0.004366104
0.00436383
0.0043615564
0.0043592844
0.004357013
0.0043547438
0.004352475
0.004350212
0.004347949
0.0043456885
0.004343427
0.004341168
0.0043389075
0.0043366496
0.0043343916
0.004332135
0.004329879
0.004327624
0.0043253694
0.0043231165
0.004320865
0.0043186136
0.004316364
0.0043141064
0.0043118205
0.004309537
0.0043072538
0.004304972
0.004302692
0.0043004123
0.004298132
0.0042958497
0.0042935787
0.0042913076
0.0042890143
0.004286729
0.0042844447
0.00428216
0.004279878
0.004277597
0.0042753145
0.0042730346
0.0042707548
0.0042684767
0.0042661983
0.004263922
0.0042616446
0.0042593647
0.0042570867
0.0042548096
0.004252534
0.004250258
0.0042479886
0.0042457217
0.0042434568
0.004241194
0.0042389305
0.0042366683
0.0042344076
0.004232147
0.004229888
0.004227629
0.0042253714
0.004223114
0.004220856
0.0042185998
0.0042163446
0.0042140894
0.0042118332
0.0042095757
0.004207318
0.0042050597
0.0042028013
0.004200542
0.00419828
0.0041960166
0.0041937525
0.00419149
0.0041892272
0.0041869646
0.0041847043
0.004182445
0.004180187
0.004177929
0.0041756756
0.004173432
0.0041711894
0.00416895
0.0041667186
0.004164488
0.0041622575
0.004160027
0.0041577974
0.004155568
0.0041533387
0.004151109
0.004148876
0.0041466327
0.004144389
0.0041421475
0.0041399114
0.0041376757
0.004135441
0.0041332
0.0041309595
0.0041287197
0.0041264896
0.0041242656
0.00412205
0.0041198335
0.004117618
0.0041154027
0.004113185
0.0041109677
0.0041087526
0.004106537
0.0041043214
0.0041021067
0.0040998915
0.0040976764
0.0040954603
0.004093246
0.004091031
0.0040888167
0.004086598
0.00408438
0.0040821508
0.004079924
0.004077696
0.004075469
0.0040732413
0.004071014
0.004068787
0.00406656
0.0040643336
0.004062107
0.004059879
0.004057653
0.0040554265
0.0040531997
0.004050973
0.0040487465
0.00404652
0.0040442953
0.0040420685
0.0040398426
0.0040376163
0.004035391
0.004033164
0.0040309383
0.0040287124
0.0040264856
0.0040242597
0.004022033
0.0040198076
0.004017581
0.0040153544
0.0040131276
0.0040109
0.004008673
0.004006446
0.0040042168
0.0040019895
0.003999761
0.0039975327
0.003995304
0.003993075
0.0039908467
0.003988618
0.0039863894
0.0039841603
0.0039819316
0.003979703
0.0039774734
0.0039752447
0.003973015
0.003970783
0.003968545
0.0039663045
0.003964073
0.003961863
0.0039596558
0.0039574485
0.003955241
0.003953033
0.0039508254
0.0039486177
0.0039464105
0.0039442033
0.0039419956
0.003939787
0.003937579
0.003935372
0.003933164
0.003930956
0.003928748
0.0039265403
0.0039243326
0.0039221235
0.003919916
0.0039177067
0.003915495
0.0039132754
0.0039110556
0.0039088354
0.0039066165
0.003904398
0.0039021834
0.0038999761
0.0038977694
0.0038955607
0.0038933544
0.003891148
0.0038889495
0.0038867635
0.003884579
0.0038823946
0.0038802105
0.003878027
0.003875844
0.0038736588
0.0038714753
0.0038692916
0.0038671077
0.0038649237
0.0038627402
0.003860555
0.0038583716
0.0038561863
0.0038540012
0.0038518163
0.003849632
0.003847445
0.0038452586
0.0038430637
0.0038408702
0.0038386818
0.003836501
0.0038343219
0.0038321419
0.003829963
0.0038277877
0.003825612
0.0038234373
0.0038212624
0.0038190873
0.0038169115
0.0038147361
0.0038125606
0.0038103848
0.0038082085
0.0038060327
0.0038038588
0.0038016846
0.0037995111
0.003797336
0.003795162
0.003792987
0.0037908116
0.0037886372
0.003786464
0.00378429
0.0037821159
0.0037799417
0.0037777682
0.003775594
0.0037734204
0.0037712466
0.0037690727
0.003766901
0.0037647346
0.0037625674
0.0037604002
0.0037582335
0.003756066
0.0037538991
0.0037517315
0.0037495643
0.0037473983
0.0037452374
0.0037430772
0.0037409172
0.003738758
0.0037365977
0.003734433
0.0037322692
0.0037301066
0.0037279413
0.0037257776
0.0037236188
0.0037214798
0.003719343
0.0037172067
0.0037150711
0.0037129335
0.0037107973
0.003708661
0.0037065235
0.0037043858
0.0037022482
0.0037001097
0.0036979723
0.003695833
0.0036936936
0.0036915548
0.003689416
0.0036872772
0.0036851377
0.0036829982
0.0036808574
0.003678717
0.003676577
0.0036744368
0.0036722966
0.0036701567
0.0036680188
0.0036658887
0.003663764
0.0036616398
0.0036595229
0.0036574185
0.0036553151
0.00365321
0.0036511056
0.003649
0.003646895
0.0036447903
0.0036426855
0.0036405802
0.0036384773
0.0036363814
0.0036342875
0.003632192
0.0036300956
0.0036280008
0.0036259054
0.003623809
0.0036217123
0.003619616
0.0036175195
0.0036154224
0.0036133248
0.0036112273
0.0036091295
0.0036070317
0.0036049362
0.003602846
0.003600756
0.0035986656
0.0035965752
0.003594484
0.0035923943
0.0035903084
0.0035882227
0.0035861367
0.0035840503
0.0035819637
0.0035798769
0.0035777912
0.003575709
0.0035736263
0.0035715445
0.0035694623
0.0035673832
0.0035653042
0.0035632239
0.003561144
0.0035590641
0.0035569838
0.0035549034
0.0035528226
0.0035507425
0.003548662
0.0035465825
0.0035445052
0.003542435
0.0035403653
0.003538294
0.0035362204
0.0035341461
0.0035320723
0.0035299975
0.0035279233
0.0035258487
0.003523774
0.0035216983
0.003519624
0.0035175476
0.0035154724
0.0035133958
0.0035113213
0.0035092444
0.0035071687
0.0035050926
0.0035030167
0.003500939
0.003498863
0.0034967854
0.0034947072
0.003492629
0.0034905497
0.0034884703
0.0034863912
0.0034843101
0.0034822302
0.00348015
0.0034780698
0.0034759883
0.0034739077
0.0034718262
0.0034697445
0.0034676623
0.00346558
0.0034634976
0.0034614142
0.0034593313
0.0034572475
0.0034551644
0.00345308
0.0034509974
0.0034489143
0.0034468295
0.003444745
0.0034426579
0.0034405687
0.003438481
0.0034363917
0.003434303
0.0034322138
0.0034301258
0.0034280398
0.0034259541
0.003423868
0.0034217814
0.0034196945
0.0034176048
0.003415517
0.003413428
0.0034113394
0.00340925
0.0034071603
0.0034050697
0.0034029752
0.0034008785
0.003398781
0.003396682
0.0033945804
0.003392479
0.0033903774
0.0033882752
0.0033861718
0.0033840702
0.0033819666
0.0033798604
0.0033777528
0.0033756457
0.0033735381
0.003371431
0.0033693304
0.0033672277
0.003365126
0.0033630242
0.0033609217
0.0033588198
0.0033567161
0.0033546146
0.0033525128
0.0033504097
0.003348308
0.003346205
0.0033441018
0.0033419973
0.0033398904
0.00333778
0.0033356715
0.003333572
0.0033314722
0.0033293725
0.0033272712
0.0033251687
0.003323066
0.0033209634
0.0033188607
0.0033167575
0.0033146536
0.0033125489
0.0033104455
0.0033083414
0.0033062377
0.0033041332
0.003302029
0.0032999252
0.0032978193
0.003295715
0.00329361
0.0032915052
0.0032894
0.0032872949
0.00328519
0.0032830853
0.0032809798
0.003278875
0.0032767686
0.003274664
0.0032725593
0.0032704528
0.0032683485
0.0032662426
0.0032641366
0.003262029
0.0032599212
0.0032578136
0.0032557042
0.0032535978
0.0032514958
0.0032493933
0.003247292
0.0032451893
0.0032430866
0.0032409853
0.003238883
0.0032367797
0.003234678
0.003232575
0.0032304726
0.0032283699
0.0032262667
0.0032241582
0.0032220548
0.003219957
0.003217859
0.003215761
0.0032136624
0.0032115614
0.0032094554
0.0032073457
0.0032052374
0.0032031275
0.003201018
0.0031989072
0.0031967906
0.003194673
0.0031925556
0.0031904387
0.0031883204
0.0031861996
0.0031840617
0.0031819218
0.003179781
0.0031776407
0.003175501
0.003173361
0.003171222
0.0031690826
0.0031669438
0.003164804
0.0031626653
0.0031605267
0.003158389
0.0031562496
0.0031541113
0.0031519725
0.0031498333
0.0031476906
0.0031455492
0.0031434083
0.003141266
0.0031391252
0.003136984
0.0031348395
0.003132696
0.0031305524
0.0031284092
0.003126266
0.0031241237
0.0031219812
0.0031198387
0.003117698
0.0031155618
0.0031134256
0.0031112889
0.003109152
0.003107028
0.003104902
0.0031027773
0.003100653
0.0030985272
0.0030964043
0.0030942808
0.0030921593
0.0030900398
0.0030879204
0.0030858002
0.0030836817
0.0030815627
0.0030794453
0.0030773275
0.0030752108
0.0030730942
0.0030709757
0.003068859
0.0030667444
0.00306463
0.003062517
0.0030604035
0.003058291
0.003056179
0.0030540682
0.0030519569
0.0030498458
0.0030477366
0.0030456265
0.0030435177
0.00304141
0.0030393067
0.0030372043
0.0030351032
0.0030330014
0.003030902
0.0030288075
0.0030267125
0.0030246184
0.0030225257
0.0030204328
0.0030183396
0.003016248
0.0030141568
0.0030120665
0.0030099826
0.0030079104
0.003005842
0.0030037737
0.0030017064
0.0029996396
0.0029975735
0.0029955078
0.002993442
0.0029913783
0.0029893138
0.00298725
0.0029851873
0.0029831247
0.0029810623
0.0029790003
0.0029769398
0.0029748797
0.0029728212
0.0029707656
0.0029687101
0.0029666561
0.0029646019
0.0029625494
0.0029604961
0.0029584432
0.0029563908
0.0029543391
0.0029522872
0.0029502362
0.002948186
0.0029461368
0.0029440874
0.002942038
0.0029399905
0.002937944
0.002935896
0.002933849
0.002931802
0.002929755
0.0029277094
0.0029256626
0.0029236176
0.0029215727
0.0029195275
0.0029174853
0.0029154397
0.0029133917
0.0029113449
0.002909298
0.0029072522
0.0029052058
0.0029031602
0.0029011162
0.0028990735
0.0028970344
0.0028950006
0.0028929666
0.0028909335
0.0028889007
0.00288687
0.002884838
0.002882807
0.0028807789
0.0028787495
0.0028767213
0.0028746934
0.002872666
0.0028706398
0.0028686142
0.0028665916
0.0028645904
0.0028625892
0.0028605876
0.0028585873
0.002856587
0.0028545891
0.002852591
