0.0	0.0	0.0
0.0	0.0	0.0
0.0	0.0	0.0
0.0	0.0	0.0
0.0	0.0	0.0
0.0	0.0	0.0
0.0	0.0	0.0
0.0	0.0	0.0
0.0	0.0	0.0
0.0	0.0	0.0
0.0	0.0	0.0
0.0	0.0	0.0
0.0	0.0	0.0
0.0	0.0	0.0
0.0	0.0	0.0
0.0	0.0	0.0
0.0	0.0	0.0
0.0	0.0	0.0
0.0	0.0	0.0
0.0	0.0	0.0
0.0	0.0	0.0
0.0	0.0	0.0
0.0	0.0	0.0
0.0	0.0	0.0
0.0	0.0	0.0
0.0	0.0	0.0
0.0	0.0	0.0
0.0	0.0	0.0
0.0	0.0	0.0
0.0	0.0	0.0
0.0	0.0	0.0
0.0	0.0	0.0
0.0	0.0	0.0
0.0	0.0	0.0
0.0	0.0	0.0
0.0	0.0	0.0
0.0	0.0	0.0
0.0	0.0	0.0
0.0	0.0	0.0
0.0	0.0	0.0
0.0	0.0	0.0
0.0	0.0	0.0
0.0	0.0	0.0
1.0	0.005534034311012728	0.01100715465052284
1.0	0.029883785279468732	0.05803331542181623
1.0	0.09020475926950747	0.16548223350253807
1.0	0.23353624792473712	0.3786451323463436
1.0	0.4975096845600443	0.664449371766445
1.0	0.7255118981737687	0.8409236690186017
1.0	0.811289429994466	0.8958142377024136
1.0	0.8306585500830105	0.907496977025393
1.0	0.8345323741007195	0.9098039215686274
1.0	0.8350857775318207	0.9101326899879373
1.0	0.8350857775318207	0.9101326899879373
1.0	0.8350857775318207	0.9101326899879373
1.0	0.8350857775318207	0.9101326899879373
1.0	0.8350857775318207	0.9101326899879373
1.0	0.8350857775318207	0.9101326899879373
1.0	0.8350857775318207	0.9101326899879373
1.0	0.8350857775318207	0.9101326899879373
1.0	0.8350857775318207	0.9101326899879373
1.0	0.8350857775318207	0.9101326899879373
1.0	0.8350857775318207	0.9101326899879373
1.0	0.8350857775318207	0.9101326899879373
1.0	0.8350857775318207	0.9101326899879373
1.0	0.8350857775318207	0.9101326899879373
1.0	0.8350857775318207	0.9101326899879373
1.0	0.8350857775318207	0.9101326899879373
1.0	0.8350857775318207	0.9101326899879373
1.0	0.8350857775318207	0.9101326899879373
1.0	0.8350857775318207	0.9101326899879373
1.0	0.8350857775318207	0.9101326899879373
1.0	0.8350857775318207	0.9101326899879373
1.0	0.8350857775318207	0.9101326899879373
1.0	0.8350857775318207	0.9101326899879373
1.0	0.8350857775318207	0.9101326899879373
1.0	0.8350857775318207	0.9101326899879373
1.0	0.8350857775318207	0.9101326899879373
1.0	0.8350857775318207	0.9101326899879373
1.0	0.8350857775318207	0.9101326899879373
1.0	0.8350857775318207	0.9101326899879373
1.0	0.8350857775318207	0.9101326899879373
1.0	0.8350857775318207	0.9101326899879373
1.0	0.8350857775318207	0.9101326899879373
1.0	0.8350857775318207	0.9101326899879373
1.0	0.8350857775318207	0.9101326899879373
1.0	0.8350857775318207	0.9101326899879373
1.0	0.8350857775318207	0.9101326899879373
1.0	0.8350857775318207	0.9101326899879373
1.0	0.8350857775318207	0.9101326899879373
1.0	0.8350857775318207	0.9101326899879373
1.0	0.8350857775318207	0.9101326899879373
1.0	0.8350857775318207	0.9101326899879373
1.0	0.8350857775318207	0.9101326899879373
1.0	0.8350857775318207	0.9101326899879373
1.0	0.8350857775318207	0.9101326899879373
1.0	0.8350857775318207	0.9101326899879373
1.0	0.8350857775318207	0.9101326899879373
1.0	0.8350857775318207	0.9101326899879373
1.0	0.8350857775318207	0.9101326899879373
1.0	0.8350857775318207	0.9101326899879373
1.0	0.8350857775318207	0.9101326899879373
1.0	0.8350857775318207	0.9101326899879373
1.0	0.8350857775318207	0.9101326899879373
1.0	0.8350857775318207	0.9101326899879373
1.0	0.8350857775318207	0.9101326899879373
1.0	0.8350857775318207	0.9101326899879373
1.0	0.8350857775318207	0.9101326899879373
1.0	0.8350857775318207	0.9101326899879373
1.0	0.8350857775318207	0.9101326899879373
1.0	0.8350857775318207	0.9101326899879373
1.0	0.8350857775318207	0.9101326899879373
1.0	0.8350857775318207	0.9101326899879373
1.0	0.8350857775318207	0.9101326899879373
1.0	0.8350857775318207	0.9101326899879373
1.0	0.8350857775318207	0.9101326899879373
1.0	0.8350857775318207	0.9101326899879373
1.0	0.8350857775318207	0.9101326899879373
1.0	0.8350857775318207	0.9101326899879373
1.0	0.8350857775318207	0.9101326899879373
1.0	0.8350857775318207	0.9101326899879373
1.0	0.8350857775318207	0.9101326899879373
1.0	0.8350857775318207	0.9101326899879373
1.0	0.8350857775318207	0.9101326899879373
1.0	0.8350857775318207	0.9101326899879373
1.0	0.8350857775318207	0.9101326899879373
1.0	0.8350857775318207	0.9101326899879373
1.0	0.8350857775318207	0.9101326899879373
1.0	0.8350857775318207	0.9101326899879373
1.0	0.8350857775318207	0.9101326899879373
1.0	0.8350857775318207	0.9101326899879373
1.0	0.8350857775318207	0.9101326899879373
1.0	0.8350857775318207	0.9101326899879373
1.0	0.8350857775318207	0.9101326899879373
1.0	0.8350857775318207	0.9101326899879373
1.0	0.8350857775318207	0.9101326899879373
1.0	0.8350857775318207	0.9101326899879373
1.0	0.8350857775318207	0.9101326899879373
1.0	0.8350857775318207	0.9101326899879373
1.0	0.8350857775318207	0.9101326899879373
1.0	0.8350857775318207	0.9101326899879373
1.0	0.8350857775318207	0.9101326899879373
1.0	0.8350857775318207	0.9101326899879373
1.0	0.8350857775318207	0.9101326899879373
1.0	0.8350857775318207	0.9101326899879373
1.0	0.8350857775318207	0.9101326899879373
1.0	0.8350857775318207	0.9101326899879373
1.0	0.8350857775318207	0.9101326899879373
1.0	0.8350857775318207	0.9101326899879373
1.0	0.8350857775318207	0.9101326899879373
1.0	0.8350857775318207	0.9101326899879373
1.0	0.8350857775318207	0.9101326899879373
1.0	0.8350857775318207	0.9101326899879373
1.0	0.8350857775318207	0.9101326899879373
1.0	0.8350857775318207	0.9101326899879373
1.0	0.8350857775318207	0.9101326899879373
1.0	0.8350857775318207	0.9101326899879373
1.0	0.8350857775318207	0.9101326899879373
1.0	0.8350857775318207	0.9101326899879373
1.0	0.8350857775318207	0.9101326899879373
1.0	0.8350857775318207	0.9101326899879373
1.0	0.8350857775318207	0.9101326899879373
1.0	0.8350857775318207	0.9101326899879373
1.0	0.8350857775318207	0.9101326899879373
1.0	0.8350857775318207	0.9101326899879373
1.0	0.8350857775318207	0.9101326899879373
1.0	0.8350857775318207	0.9101326899879373
1.0	0.8350857775318207	0.9101326899879373
1.0	0.8350857775318207	0.9101326899879373
1.0	0.8350857775318207	0.9101326899879373
1.0	0.8350857775318207	0.9101326899879373
1.0	0.8350857775318207	0.9101326899879373
1.0	0.8350857775318207	0.9101326899879373
1.0	0.8350857775318207	0.9101326899879373
1.0	0.8350857775318207	0.9101326899879373
1.0	0.8350857775318207	0.9101326899879373
1.0	0.8350857775318207	0.9101326899879373
1.0	0.8350857775318207	0.9101326899879373
1.0	0.8350857775318207	0.9101326899879373
1.0	0.8350857775318207	0.9101326899879373
1.0	0.8350857775318207	0.9101326899879373
1.0	0.8350857775318207	0.9101326899879373
1.0	0.8350857775318207	0.9101326899879373
1.0	0.8350857775318207	0.9101326899879373
1.0	0.8350857775318207	0.9101326899879373
1.0	0.8350857775318207	0.9101326899879373
1.0	0.8350857775318207	0.9101326899879373
1.0	0.8350857775318207	0.9101326899879373
1.0	0.8350857775318207	0.9101326899879373
1.0	0.8350857775318207	0.9101326899879373
1.0	0.8350857775318207	0.9101326899879373
1.0	0.8350857775318207	0.9101326899879373
1.0	0.8350857775318207	0.9101326899879373
1.0	0.8350857775318207	0.9101326899879373
1.0	0.8350857775318207	0.9101326899879373
1.0	0.8350857775318207	0.9101326899879373
1.0	0.8350857775318207	0.9101326899879373
1.0	0.8350857775318207	0.9101326899879373
1.0	0.8350857775318207	0.9101326899879373
1.0	0.8350857775318207	0.9101326899879373
1.0	0.8350857775318207	0.9101326899879373
1.0	0.8350857775318207	0.9101326899879373
1.0	0.8350857775318207	0.9101326899879373
1.0	0.8350857775318207	0.9101326899879373
1.0	0.8350857775318207	0.9101326899879373
1.0	0.8350857775318207	0.9101326899879373
1.0	0.8350857775318207	0.9101326899879373
1.0	0.8350857775318207	0.9101326899879373
1.0	0.8350857775318207	0.9101326899879373
1.0	0.8350857775318207	0.9101326899879373
1.0	0.8350857775318207	0.9101326899879373
1.0	0.8350857775318207	0.9101326899879373
1.0	0.8350857775318207	0.9101326899879373
1.0	0.8350857775318207	0.9101326899879373
1.0	0.8350857775318207	0.9101326899879373
1.0	0.8350857775318207	0.9101326899879373
1.0	0.8350857775318207	0.9101326899879373
1.0	0.8350857775318207	0.9101326899879373
1.0	0.8350857775318207	0.9101326899879373
1.0	0.8350857775318207	0.9101326899879373
1.0	0.8350857775318207	0.9101326899879373
1.0	0.8350857775318207	0.9101326899879373
1.0	0.8350857775318207	0.9101326899879373
1.0	0.8350857775318207	0.9101326899879373
1.0	0.8350857775318207	0.9101326899879373
1.0	0.8350857775318207	0.9101326899879373
1.0	0.8350857775318207	0.9101326899879373
1.0	0.8350857775318207	0.9101326899879373
1.0	0.8350857775318207	0.9101326899879373
1.0	0.8350857775318207	0.9101326899879373
1.0	0.8350857775318207	0.9101326899879373
1.0	0.8350857775318207	0.9101326899879373
1.0	0.8350857775318207	0.9101326899879373
1.0	0.8350857775318207	0.9101326899879373
1.0	0.8350857775318207	0.9101326899879373
1.0	0.8350857775318207	0.9101326899879373
1.0	0.8350857775318207	0.9101326899879373
1.0	0.8350857775318207	0.9101326899879373
1.0	0.8350857775318207	0.9101326899879373
1.0	0.8350857775318207	0.9101326899879373
1.0	0.8350857775318207	0.9101326899879373
1.0	0.8350857775318207	0.9101326899879373
1.0	0.8350857775318207	0.9101326899879373
1.0	0.8350857775318207	0.9101326899879373
1.0	0.8350857775318207	0.9101326899879373
1.0	0.8350857775318207	0.9101326899879373
1.0	0.8350857775318207	0.9101326899879373
1.0	0.8350857775318207	0.9101326899879373
1.0	0.8350857775318207	0.9101326899879373
1.0	0.8350857775318207	0.9101326899879373
1.0	0.8350857775318207	0.9101326899879373
1.0	0.8350857775318207	0.9101326899879373
1.0	0.8350857775318207	0.9101326899879373
1.0	0.8350857775318207	0.9101326899879373
1.0	0.8350857775318207	0.9101326899879373
1.0	0.8350857775318207	0.9101326899879373
1.0	0.8350857775318207	0.9101326899879373
1.0	0.8350857775318207	0.9101326899879373
1.0	0.8350857775318207	0.9101326899879373
1.0	0.8350857775318207	0.9101326899879373
1.0	0.8350857775318207	0.9101326899879373
1.0	0.8350857775318207	0.9101326899879373
1.0	0.8350857775318207	0.9101326899879373
1.0	0.8350857775318207	0.9101326899879373
1.0	0.8350857775318207	0.9101326899879373
1.0	0.8350857775318207	0.9101326899879373
1.0	0.8350857775318207	0.9101326899879373
1.0	0.8350857775318207	0.9101326899879373
1.0	0.8350857775318207	0.9101326899879373
1.0	0.8350857775318207	0.9101326899879373
1.0	0.8350857775318207	0.9101326899879373
1.0	0.8350857775318207	0.9101326899879373
1.0	0.8350857775318207	0.9101326899879373
1.0	0.8350857775318207	0.9101326899879373
1.0	0.8350857775318207	0.9101326899879373
1.0	0.8350857775318207	0.9101326899879373
1.0	0.8350857775318207	0.9101326899879373
1.0	0.8350857775318207	0.9101326899879373
1.0	0.8350857775318207	0.9101326899879373
1.0	0.8350857775318207	0.9101326899879373
1.0	0.8350857775318207	0.9101326899879373
1.0	0.8350857775318207	0.9101326899879373
1.0	0.8350857775318207	0.9101326899879373
1.0	0.8350857775318207	0.9101326899879373
1.0	0.8350857775318207	0.9101326899879373
1.0	0.8350857775318207	0.9101326899879373
1.0	0.8350857775318207	0.9101326899879373
1.0	0.8350857775318207	0.9101326899879373
1.0	0.8350857775318207	0.9101326899879373
1.0	0.8350857775318207	0.9101326899879373
1.0	0.8350857775318207	0.9101326899879373
1.0	0.8350857775318207	0.9101326899879373
1.0	0.8350857775318207	0.9101326899879373
1.0	0.8350857775318207	0.9101326899879373
1.0	0.8350857775318207	0.9101326899879373
1.0	0.8350857775318207	0.9101326899879373
1.0	0.8350857775318207	0.9101326899879373
1.0	0.8350857775318207	0.9101326899879373
1.0	0.8350857775318207	0.9101326899879373
1.0	0.8350857775318207	0.9101326899879373
1.0	0.8350857775318207	0.9101326899879373
1.0	0.8350857775318207	0.9101326899879373
1.0	0.8350857775318207	0.9101326899879373
1.0	0.8350857775318207	0.9101326899879373
1.0	0.8350857775318207	0.9101326899879373
1.0	0.8350857775318207	0.9101326899879373
1.0	0.8350857775318207	0.9101326899879373
1.0	0.8350857775318207	0.9101326899879373
1.0	0.8350857775318207	0.9101326899879373
1.0	0.8350857775318207	0.9101326899879373
1.0	0.8350857775318207	0.9101326899879373
1.0	0.8350857775318207	0.9101326899879373
1.0	0.8350857775318207	0.9101326899879373
1.0	0.8350857775318207	0.9101326899879373
1.0	0.8350857775318207	0.9101326899879373
1.0	0.8350857775318207	0.9101326899879373
1.0	0.8350857775318207	0.9101326899879373
1.0	0.8350857775318207	0.9101326899879373
1.0	0.8350857775318207	0.9101326899879373
1.0	0.8350857775318207	0.9101326899879373
1.0	0.8350857775318207	0.9101326899879373
1.0	0.8350857775318207	0.9101326899879373
1.0	0.8350857775318207	0.9101326899879373
1.0	0.8350857775318207	0.9101326899879373
1.0	0.8350857775318207	0.9101326899879373
1.0	0.8350857775318207	0.9101326899879373
1.0	0.8350857775318207	0.9101326899879373
1.0	0.8350857775318207	0.9101326899879373
1.0	0.8350857775318207	0.9101326899879373
1.0	0.8350857775318207	0.9101326899879373
1.0	0.8350857775318207	0.9101326899879373
1.0	0.8350857775318207	0.9101326899879373
1.0	0.8350857775318207	0.9101326899879373
1.0	0.8350857775318207	0.9101326899879373
1.0	0.8350857775318207	0.9101326899879373
1.0	0.8350857775318207	0.9101326899879373
1.0	0.8350857775318207	0.9101326899879373
1.0	0.8350857775318207	0.9101326899879373
1.0	0.8350857775318207	0.9101326899879373
1.0	0.8350857775318207	0.9101326899879373
1.0	0.8350857775318207	0.9101326899879373
1.0	0.8350857775318207	0.9101326899879373
1.0	0.8350857775318207	0.9101326899879373
1.0	0.8350857775318207	0.9101326899879373
1.0	0.8350857775318207	0.9101326899879373
1.0	0.8350857775318207	0.9101326899879373
1.0	0.8350857775318207	0.9101326899879373
1.0	0.8350857775318207	0.9101326899879373
1.0	0.8350857775318207	0.9101326899879373
1.0	0.8350857775318207	0.9101326899879373
1.0	0.8350857775318207	0.9101326899879373
1.0	0.8350857775318207	0.9101326899879373
1.0	0.8350857775318207	0.9101326899879373
1.0	0.8350857775318207	0.9101326899879373
1.0	0.8350857775318207	0.9101326899879373
1.0	0.8350857775318207	0.9101326899879373
1.0	0.8350857775318207	0.9101326899879373
1.0	0.8350857775318207	0.9101326899879373
1.0	0.8350857775318207	0.9101326899879373
1.0	0.8350857775318207	0.9101326899879373
1.0	0.8350857775318207	0.9101326899879373
1.0	0.8350857775318207	0.9101326899879373
1.0	0.8350857775318207	0.9101326899879373
1.0	0.8350857775318207	0.9101326899879373
1.0	0.8350857775318207	0.9101326899879373
1.0	0.8350857775318207	0.9101326899879373
1.0	0.8350857775318207	0.9101326899879373
1.0	0.8350857775318207	0.9101326899879373
1.0	0.8350857775318207	0.9101326899879373
1.0	0.8350857775318207	0.9101326899879373
1.0	0.8350857775318207	0.9101326899879373
1.0	0.8350857775318207	0.9101326899879373
1.0	0.8350857775318207	0.9101326899879373
1.0	0.8350857775318207	0.9101326899879373
1.0	0.8350857775318207	0.9101326899879373
1.0	0.8350857775318207	0.9101326899879373
1.0	0.8350857775318207	0.9101326899879373
1.0	0.8350857775318207	0.9101326899879373
1.0	0.8350857775318207	0.9101326899879373
1.0	0.8350857775318207	0.9101326899879373
1.0	0.8350857775318207	0.9101326899879373
1.0	0.8350857775318207	0.9101326899879373
1.0	0.8350857775318207	0.9101326899879373
1.0	0.8350857775318207	0.9101326899879373
1.0	0.8350857775318207	0.9101326899879373
1.0	0.8350857775318207	0.9101326899879373
1.0	0.8350857775318207	0.9101326899879373
1.0	0.8350857775318207	0.9101326899879373
1.0	0.8350857775318207	0.9101326899879373
1.0	0.8350857775318207	0.9101326899879373
1.0	0.8350857775318207	0.9101326899879373
1.0	0.8350857775318207	0.9101326899879373
1.0	0.8350857775318207	0.9101326899879373
1.0	0.8350857775318207	0.9101326899879373
1.0	0.8350857775318207	0.9101326899879373
1.0	0.8350857775318207	0.9101326899879373
1.0	0.8350857775318207	0.9101326899879373
1.0	0.8350857775318207	0.9101326899879373
1.0	0.8350857775318207	0.9101326899879373
1.0	0.8350857775318207	0.9101326899879373
1.0	0.8350857775318207	0.9101326899879373
1.0	0.8350857775318207	0.9101326899879373
1.0	0.8350857775318207	0.9101326899879373
1.0	0.8350857775318207	0.9101326899879373
1.0	0.8350857775318207	0.9101326899879373
1.0	0.8350857775318207	0.9101326899879373
1.0	0.8350857775318207	0.9101326899879373
1.0	0.8350857775318207	0.9101326899879373
1.0	0.8350857775318207	0.9101326899879373
1.0	0.8350857775318207	0.9101326899879373
1.0	0.8350857775318207	0.9101326899879373
1.0	0.8350857775318207	0.9101326899879373
1.0	0.8350857775318207	0.9101326899879373
1.0	0.8350857775318207	0.9101326899879373
1.0	0.8350857775318207	0.9101326899879373
1.0	0.8350857775318207	0.9101326899879373
1.0	0.8350857775318207	0.9101326899879373
1.0	0.8350857775318207	0.9101326899879373
1.0	0.8350857775318207	0.9101326899879373
1.0	0.8350857775318207	0.9101326899879373
1.0	0.8350857775318207	0.9101326899879373
1.0	0.8350857775318207	0.9101326899879373
1.0	0.8350857775318207	0.9101326899879373
1.0	0.8350857775318207	0.9101326899879373
1.0	0.8350857775318207	0.9101326899879373
1.0	0.8350857775318207	0.9101326899879373
1.0	0.8350857775318207	0.9101326899879373
1.0	0.8350857775318207	0.9101326899879373
1.0	0.8350857775318207	0.9101326899879373
1.0	0.8350857775318207	0.9101326899879373
1.0	0.8350857775318207	0.9101326899879373
1.0	0.8350857775318207	0.9101326899879373
1.0	0.8350857775318207	0.9101326899879373
1.0	0.8350857775318207	0.9101326899879373
1.0	0.8350857775318207	0.9101326899879373
1.0	0.8350857775318207	0.9101326899879373
1.0	0.8350857775318207	0.9101326899879373
1.0	0.8350857775318207	0.9101326899879373
1.0	0.8350857775318207	0.9101326899879373
1.0	0.8350857775318207	0.9101326899879373
1.0	0.8350857775318207	0.9101326899879373
1.0	0.8350857775318207	0.9101326899879373
1.0	0.8345323741007195	0.9098039215686274
1.0	0.8339789706696181	0.9094749547374773
1.0	0.8339789706696181	0.9094749547374773
1.0	0.8339789706696181	0.9094749547374773
1.0	0.8334255672385169	0.9091457893148204
1.0	0.8334255672385169	0.9091457893148204
1.0	0.8328721638074156	0.9088164251207729
1.0	0.8328721638074156	0.9088164251207729
1.0	0.8328721638074156	0.9088164251207729
1.0	0.8328721638074156	0.9088164251207729
1.0	0.8328721638074156	0.9088164251207729
1.0	0.8328721638074156	0.9088164251207729
1.0	0.8328721638074156	0.9088164251207729
1.0	0.8328721638074156	0.9088164251207729
1.0	0.8328721638074156	0.9088164251207729
1.0	0.831765356945213	0.9081570996978852
1.0	0.831765356945213	0.9081570996978852
1.0	0.8312119535141118	0.9078271381081898
1.0	0.8301051466519093	0.9071666162685212
1.0	0.8301051466519093	0.9071666162685212
1.0	0.8295517432208079	0.9068360556563824
1.0	0.8295517432208079	0.9068360556563824
1.0	0.8278915329275042	0.9058431728731456
1.0	0.8278915329275042	0.9058431728731456
1.0	0.8278915329275042	0.9058431728731456
1.0	0.8273381294964028	0.905511811023622
1.0	0.8273381294964028	0.905511811023622
1.0	0.8267847260653016	0.9051802484095729
1.0	0.8267847260653016	0.9051802484095729
1.0	0.8262313226342003	0.9048484848484849
1.0	0.8262313226342003	0.9048484848484849
1.0	0.8256779192030991	0.9045165201576235
1.0	0.8245711123408965	0.9038519866545345
1.0	0.8229109020475927	0.9028536733454766
1.0	0.8218040951853901	0.9021871202916161
1.0	0.8218040951853901	0.9021871202916161
1.0	0.8218040951853901	0.9021871202916161
1.0	0.8206972883231876	0.9015197568389057
1.0	0.8206972883231876	0.9015197568389057
1.0	0.819590481460985	0.9008515815085157
1.0	0.8184836745987825	0.9001825928180158
1.0	0.8179302711676812	0.899847792998478
1.0	0.8173768677365799	0.8995127892813642
1.0	0.8173768677365799	0.8995127892813642
1.0	0.8162700608743774	0.8988421694088969
1.0	0.8151632540121748	0.898170731707317
1.0	0.8151632540121748	0.898170731707317
1.0	0.8151632540121748	0.898170731707317
1.0	0.8140564471499724	0.8974984746796827
1.0	0.8129496402877698	0.8968253968253969
1.0	0.8123962368566685	0.8964885496183206
1.0	0.8118428334255673	0.8961514966401956
1.0	0.811289429994466	0.8958142377024136
1.0	0.811289429994466	0.8958142377024136
1.0	0.8107360265633647	0.8954767726161369
1.0	0.8090758162700609	0.8944631385744876
1.0	0.8090758162700609	0.8944631385744876
1.0	0.8079690094078583	0.8937863483318028
1.0	0.8068622025456558	0.8931087289433385
1.0	0.8035417819590481	0.8910708806382325
1.0	0.8029883785279469	0.89073050951504
1.0	0.801328168234643	0.8897081413210446
1.0	0.7996679579413393	0.8886838868388685
1.0	0.7985611510791367	0.8880000000000001
1.0	0.7974543442169342	0.8873152709359606
1.0	0.7974543442169342	0.8873152709359606
1.0	0.7952407304925291	0.8859432799013564
1.0	0.7946873270614278	0.8855997533148319
1.0	0.7935805201992252	0.884912064177723
1.0	0.7919203099059214	0.8838789376158122
1.0	0.7897066961815163	0.8824984539270254
1.0	0.7885998893193138	0.8818069306930694
1.0	0.7880464858882125	0.8814608480346642
1.0	0.7880464858882125	0.8814608480346642
1.0	0.7863862755949087	0.8804213135068154
1.0	0.7852794687327062	0.879727216367018
1.0	0.7841726618705036	0.8790322580645161
1.0	0.7830658550083011	0.8783364369956548
1.0	0.7830658550083011	0.8783364369956548
1.0	0.7819590481460985	0.877639751552795
1.0	0.7791920309905921	0.8758942457231726
1.0	0.7775318206972883	0.8748443337484434
1.0	0.7758716104039846	0.8737924587098784
1.0	0.7753182069728832	0.8734413965087282
1.0	0.7742114001106807	0.8727386150966936
1.0	0.7725511898173769	0.8716827973774587
1.0	0.7719977863862756	0.8713304184884447
1.0	0.7697841726618705	0.8699186991869918
1.0	0.7692307692307693	0.8695652173913044
1.0	0.7681239623685667	0.8688575899843506
1.0	0.7670171555063642	0.8681490761039774
1.0	0.7664637520752628	0.8677944862155388
1.0	0.7659103486441616	0.8674396740833594
1.0	0.7653569452130603	0.8670846394984325
1.0	0.7642501383508578	0.8663739021329987
1.0	0.7631433314886552	0.8656622724419335
1.0	0.7631433314886552	0.8656622724419335
1.0	0.7609297177642501	0.8642363293526083
1.0	0.7598229109020476	0.8635220125786164
1.0	0.7598229109020476	0.8635220125786164
1.0	0.7592695074709463	0.8631645171437559
1.0	0.758716104039845	0.8628067967275016
1.0	0.7570558937465413	0.861732283464567
1.0	0.7553956834532374	0.860655737704918
1.0	0.7553956834532374	0.860655737704918
1.0	0.7548422800221362	0.8602964364553769
1.0	0.7537354731599336	0.8595771536762385
1.0	0.7520752628666297	0.8584965255843334
1.0	0.7515218594355285	0.8581358609794629
1.0	0.750415052573326	0.8574138476130256
1.0	0.7498616491422246	0.8570524984187223
1.0	0.746541228555617	0.8548795944233206
1.0	0.7454344216934145	0.8541534559289791
1.0	0.7443276148312119	0.8534263959390863
1.0	0.7421140011068068	0.851969504447268
1.0	0.740453790813503	0.8508744038155802
1.0	0.7399003873824018	0.8505089058524173
1.0	0.7387935805201993	0.8497772119669001
1.0	0.7371333702268954	0.8486779229053839
1.0	0.7354731599335916	0.847576530612245
1.0	0.7349197565024903	0.8472089314194577
1.0	0.7343663530713891	0.8468410976388003
1.0	0.732152739346984	0.8453674121405751
1.0	0.7310459324847814	0.8446291560102303
1.0	0.7293857221914776	0.84352
1.0	0.7288323187603764	0.8431498079385403
1.0	0.7288323187603764	0.8431498079385403
1.0	0.728278915329275	0.8427793788024336
1.0	0.7277255118981738	0.8424087123638694
1.0	0.7271721084670725	0.8420378083947452
1.0	0.7260653016048699	0.8412952869509458
1.0	0.7249584947426674	0.8405518126403594
1.0	0.7249584947426674	0.8405518126403594
1.0	0.7232982844493636	0.8394348105330764
1.0	0.7210846707249585	0.8379421221864952
1.0	0.719977863862756	0.8371943371943371
1.0	0.719977863862756	0.8371943371943371
1.0	0.7177642501383509	0.8356958762886598
1.0	0.7177642501383509	0.8356958762886598
1.0	0.7172108467072495	0.8353206574282952
1.0	0.7166574432761483	0.8349451966473244
1.0	0.7149972329828445	0.8338173604388512
1.0	0.7138904261206419	0.8330642557313528
1.0	0.7138904261206419	0.8330642557313528
1.0	0.7133370226895407	0.8326873385012921
1.0	0.7116768123962368	0.8315551244746201
1.0	0.7105700055340343	0.8307990941442899
1.0	0.7094631986718317	0.8300420848170929
1.0	0.7072495849474266	0.8285251215559157
1.0	0.7066961815163254	0.8281452658884565
1.0	0.7050359712230215	0.8270042194092826
1.0	0.7044825677919203	0.8266233766233767
1.0	0.7028223574986165	0.8254793630159246
1.0	0.7006087437742115	0.8239505369345916
1.0	0.6989485334809076	0.822801302931596
1.0	0.6983951300498064	0.8224177256435321
1.0	0.6972883231876038	0.8216498206716663
1.0	0.6961815163254013	0.8208809135399674
1.0	0.6950747094631987	0.8201110022853412
1.0	0.6945213060320974	0.8197256694970607
1.0	0.6934144991698948	0.818954248366013
1.0	0.6934144991698948	0.818954248366013
1.0	0.6912008854454897	0.8174083769633508
1.0	0.6900940785832872	0.816633922724296
1.0	0.689540675152186	0.8162463150999018
1.0	0.6884338682899834	0.8154703375942315
1.0	0.6873270614277809	0.8146933420793703
1.0	0.6867736579966796	0.8143044619422573
1.0	0.6845600442722745	0.8127463863337713
1.0	0.6845600442722745	0.8127463863337713
1.0	0.6817930271167681	0.8107930240210596
1.0	0.6812396236856668	0.8104015799868334
1.0	0.6806862202545656	0.810009878169246
1.0	0.6801328168234643	0.8096179183135704
1.0	0.6790260099612617	0.8088332234673697
1.0	0.6790260099612617	0.8088332234673697
1.0	0.6784726065301605	0.8084404879657106
1.0	0.6779192030990592	0.808047493403694
1.0	0.677365799667958	0.8076542395249092
1.0	0.6757055893746541	0.8064729194187582
1.0	0.6757055893746541	0.8064729194187582
1.0	0.6745987825124515	0.8056840713813616
1.0	0.673491975650249	0.8048941798941799
1.0	0.6718317653569452	0.8037073816617014
1.0	0.6712783619258439	0.8033112582781456
1.0	0.6707249584947427	0.8029148724743294
1.0	0.6701715550636413	0.8025182239893969
1.0	0.6696181516325401	0.8021213125621478
1.0	0.6679579413392362	0.80092899800929
1.0	0.667404537908135	0.8005310321938267
1.0	0.6651909241837299	0.7989365237620472
1.0	0.6651909241837299	0.7989365237620472
1.0	0.6646375207526287	0.7985372340425533
1.0	0.6635307138904262	0.7977378576180972
1.0	0.6624239070282236	0.7969374167776299
1.0	0.6613171001660211	0.7961359093937375
1.0	0.6607636967349197	0.7957347550816395
1.0	0.6607636967349197	0.7957347550816395
1.0	0.6602102933038185	0.7953333333333333
1.0	0.6602102933038185	0.7953333333333333
1.0	0.6596568898727172	0.7949316438812937
1.0	0.6596568898727172	0.7949316438812937
1.0	0.6596568898727172	0.7949316438812937
1.0	0.659103486441616	0.7945296864576386
1.0	0.6574432761483121	0.793322203672788
1.0	0.6568898727172109	0.7929191716766867
1.0	0.6563364692861096	0.792515870364183
1.0	0.6541228555617045	0.7908999665439946
1.0	0.6535694521306032	0.7904953145917002
1.0	0.6530160486995019	0.7900903916973553
1.0	0.6530160486995019	0.7900903916973553
1.0	0.6519092418372994	0.7892797319932998
1.0	0.6519092418372994	0.7892797319932998
1.0	0.6508024349750968	0.7884679852497485
1.0	0.6508024349750968	0.7884679852497485
1.0	0.6480354178195905	0.7864338482202821
1.0	0.6480354178195905	0.7864338482202821
1.0	0.6474820143884892	0.7860262008733624
1.0	0.6474820143884892	0.7860262008733624
1.0	0.646928610957388	0.7856182795698925
1.0	0.6463752075262866	0.7852100840336134
1.0	0.6458218040951854	0.7848016139878952
1.0	0.6452684006640841	0.7843928691557349
1.0	0.6447149972329829	0.7839838492597577
1.0	0.6447149972329829	0.7839838492597577
1.0	0.6447149972329829	0.7839838492597577
1.0	0.6425013835085778	0.782345013477089
1.0	0.6425013835085778	0.782345013477089
1.0	0.6425013835085778	0.782345013477089
1.0	0.6419479800774764	0.7819346140883046
1.0	0.6413945766463752	0.7815239379635874
1.0	0.6408411732152739	0.7811129848229342
1.0	0.6397343663530713	0.7802902463719203
1.0	0.6397343663530713	0.7802902463719203
1.0	0.6397343663530713	0.7802902463719203
1.0	0.6386275594908688	0.779466396487673
1.0	0.6386275594908688	0.779466396487673
1.0	0.6386275594908688	0.779466396487673
1.0	0.6386275594908688	0.779466396487673
1.0	0.6380741560597676	0.779054054054054
1.0	0.6380741560597676	0.779054054054054
1.0	0.636967349197565	0.7782285327924274
1.0	0.6364139457664637	0.7778153533987149
1.0	0.6353071389042612	0.7769881556683588
1.0	0.6347537354731599	0.7765741367637101
1.0	0.6336469286109574	0.7757452574525745
1.0	0.6336469286109574	0.7757452574525745
1.0	0.6336469286109574	0.7757452574525745
1.0	0.6325401217487548	0.7749152542372882
1.0	0.6303265080243498	0.7732518669382212
1.0	0.6297731045932484	0.7728353140916808
1.0	0.6292197011621472	0.7724184782608695
1.0	0.6292197011621472	0.7724184782608695
1.0	0.628666297731046	0.7720013591573225
1.0	0.628666297731046	0.7720013591573225
1.0	0.628666297731046	0.7720013591573225
1.0	0.6281128942999447	0.7715839564921823
1.0	0.6270060874377421	0.7707482993197279
1.0	0.6270060874377421	0.7707482993197279
1.0	0.6270060874377421	0.7707482993197279
1.0	0.6270060874377421	0.7707482993197279
1.0	0.6264526840066409	0.7703300442327322
1.0	0.6258992805755396	0.7699115044247787
1.0	0.6258992805755396	0.7699115044247787
1.0	0.6253458771444383	0.7694926796050392
1.0	0.6253458771444383	0.7694926796050392
1.0	0.6253458771444383	0.7694926796050392
1.0	0.624792473713337	0.7690735694822888
1.0	0.6231322634200332	0.7678145243777702
1.0	0.6225788599889319	0.767394270122783
1.0	0.6225788599889319	0.767394270122783
1.0	0.6225788599889319	0.767394270122783
1.0	0.6225788599889319	0.767394270122783
1.0	0.6220254565578307	0.7669737291026953
1.0	0.6220254565578307	0.7669737291026953
1.0	0.6214720531267294	0.7665529010238907
1.0	0.6209186496956282	0.7661317855923524
1.0	0.6209186496956282	0.7661317855923524
1.0	0.6209186496956282	0.7661317855923524
1.0	0.6203652462645268	0.7657103825136612
1.0	0.6203652462645268	0.7657103825136612
1.0	0.6198118428334256	0.7652886914929963
1.0	0.6187050359712231	0.7644444444444444
1.0	0.6187050359712231	0.7644444444444444
1.0	0.6181516325401217	0.7640218878248974
1.0	0.6181516325401217	0.7640218878248974
1.0	0.6187050359712231	0.7644444444444444
1.0	0.6187050359712231	0.7644444444444444
1.0	0.6187050359712231	0.7644444444444444
1.0	0.6181516325401217	0.7640218878248974
1.0	0.6175982291090205	0.7635990420800548
1.0	0.616491422246818	0.7627524820267033
1.0	0.6159380188157166	0.7623287671232877
1.0	0.6153846153846154	0.761904761904762
1.0	0.6153846153846154	0.761904761904762
1.0	0.6153846153846154	0.761904761904762
1.0	0.6142778085224129	0.7610558793280767
1.0	0.6142778085224129	0.7610558793280767
1.0	0.6142778085224129	0.7610558793280767
1.0	0.6137244050913115	0.7606310013717421
1.0	0.6137244050913115	0.7606310013717421
1.0	0.6137244050913115	0.7606310013717421
1.0	0.6137244050913115	0.7606310013717421
1.0	0.6137244050913115	0.7606310013717421
1.0	0.6137244050913115	0.7606310013717421
1.0	0.6137244050913115	0.7606310013717421
1.0	0.6137244050913115	0.7606310013717421
1.0	0.6131710016602103	0.7602058319039451
1.0	0.6131710016602103	0.7602058319039451
1.0	0.6120641947980078	0.759354617233093
1.0	0.6115107913669064	0.7589285714285714
1.0	0.6115107913669064	0.7589285714285714
1.0	0.6109573879358052	0.758502232909653
1.0	0.6109573879358052	0.758502232909653
1.0	0.6109573879358052	0.758502232909653
1.0	0.6104039845047039	0.7580756013745705
1.0	0.6098505810736027	0.7576486765211412
1.0	0.6098505810736027	0.7576486765211412
1.0	0.6092971776425014	0.7572214580467675
1.0	0.6092971776425014	0.7572214580467675
1.0	0.6087437742114001	0.7567939456484348
1.0	0.6087437742114001	0.7567939456484348
1.0	0.6087437742114001	0.7567939456484348
1.0	0.6081903707802988	0.7563661390227115
1.0	0.6081903707802988	0.7563661390227115
1.0	0.6081903707802988	0.7563661390227115
1.0	0.6076369673491976	0.7559380378657488
1.0	0.6070835639180963	0.7555096418732782
1.0	0.6070835639180963	0.7555096418732782
1.0	0.6070835639180963	0.7555096418732782
1.0	0.6070835639180963	0.7555096418732782
1.0	0.606530160486995	0.7550809507406132
1.0	0.6054233536247925	0.7542226818338503
1.0	0.6048699501936912	0.7537931034482759
1.0	0.6048699501936912	0.7537931034482759
1.0	0.6048699501936912	0.7537931034482759
1.0	0.60431654676259	0.7533632286995516
1.0	0.60431654676259	0.7533632286995516
1.0	0.6037631433314886	0.7529330572808833
1.0	0.6037631433314886	0.7529330572808833
1.0	0.60431654676259	0.7533632286995516
1.0	0.60431654676259	0.7533632286995516
1.0	0.60431654676259	0.7533632286995516
1.0	0.60431654676259	0.7533632286995516
1.0	0.60431654676259	0.7533632286995516
1.0	0.60431654676259	0.7533632286995516
1.0	0.60431654676259	0.7533632286995516
1.0	0.60431654676259	0.7533632286995516
1.0	0.6032097399003874	0.7525025888850536
1.0	0.6032097399003874	0.7525025888850536
1.0	0.6026563364692861	0.7520718232044199
1.0	0.6021029330381849	0.7516407599309154
1.0	0.6015495296070835	0.751209398756047
1.0	0.6021029330381849	0.7516407599309154
1.0	0.6021029330381849	0.7516407599309154
1.0	0.6021029330381849	0.7516407599309154
1.0	0.6021029330381849	0.7516407599309154
1.0	0.6021029330381849	0.7516407599309154
1.0	0.6026563364692861	0.7520718232044199
1.0	0.6021029330381849	0.7516407599309154
1.0	0.6026563364692861	0.7520718232044199
1.0	0.6026563364692861	0.7520718232044199
1.0	0.6026563364692861	0.7520718232044199
1.0	0.6032097399003874	0.7525025888850536
1.0	0.6032097399003874	0.7525025888850536
1.0	0.6032097399003874	0.7525025888850536
1.0	0.6037631433314886	0.7529330572808833
1.0	0.6037631433314886	0.7529330572808833
1.0	0.6037631433314886	0.7529330572808833
1.0	0.6037631433314886	0.7529330572808833
1.0	0.6037631433314886	0.7529330572808833
1.0	0.6037631433314886	0.7529330572808833
1.0	0.6032097399003874	0.7525025888850536
1.0	0.6032097399003874	0.7525025888850536
1.0	0.6032097399003874	0.7525025888850536
1.0	0.6026563364692861	0.7520718232044199
1.0	0.6021029330381849	0.7516407599309154
1.0	0.6021029330381849	0.7516407599309154
1.0	0.6021029330381849	0.7516407599309154
1.0	0.6015495296070835	0.751209398756047
1.0	0.6015495296070835	0.751209398756047
1.0	0.6015495296070835	0.751209398756047
1.0	0.6009961261759823	0.7507777393708952
1.0	0.6009961261759823	0.7507777393708952
1.0	0.600442722744881	0.7503457814661134
1.0	0.5998893193137798	0.7499135247319266
1.0	0.5993359158826784	0.7494809688581314
1.0	0.5993359158826784	0.7494809688581314
1.0	0.5993359158826784	0.7494809688581314
1.0	0.5993359158826784	0.7494809688581314
1.0	0.5993359158826784	0.7494809688581314
1.0	0.5993359158826784	0.7494809688581314
1.0	0.5993359158826784	0.7494809688581314
1.0	0.5993359158826784	0.7494809688581314
1.0	0.5987825124515772	0.749048113534095
1.0	0.5987825124515772	0.749048113534095
1.0	0.5987825124515772	0.749048113534095
1.0	0.5982291090204759	0.7486149584487535
1.0	0.5982291090204759	0.7486149584487535
1.0	0.5982291090204759	0.7486149584487535
1.0	0.5982291090204759	0.7486149584487535
1.0	0.5982291090204759	0.7486149584487535
1.0	0.5987825124515772	0.749048113534095
1.0	0.5987825124515772	0.749048113534095
1.0	0.5987825124515772	0.749048113534095
1.0	0.5987825124515772	0.749048113534095
1.0	0.5987825124515772	0.749048113534095
1.0	0.5987825124515772	0.749048113534095
1.0	0.5987825124515772	0.749048113534095
1.0	0.5987825124515772	0.749048113534095
1.0	0.5993359158826784	0.7494809688581314
1.0	0.5987825124515772	0.749048113534095
1.0	0.5987825124515772	0.749048113534095
1.0	0.5987825124515772	0.749048113534095
1.0	0.5987825124515772	0.749048113534095
1.0	0.5987825124515772	0.749048113534095
1.0	0.5993359158826784	0.7494809688581314
1.0	0.5993359158826784	0.7494809688581314
1.0	0.5987825124515772	0.749048113534095
1.0	0.5987825124515772	0.749048113534095
1.0	0.5987825124515772	0.749048113534095
1.0	0.5987825124515772	0.749048113534095
1.0	0.5987825124515772	0.749048113534095
1.0	0.5987825124515772	0.749048113534095
1.0	0.5993359158826784	0.7494809688581314
1.0	0.5987825124515772	0.749048113534095
1.0	0.5987825124515772	0.749048113534095
1.0	0.5976757055893747	0.7481815032906131
1.0	0.5976757055893747	0.7481815032906131
1.0	0.5976757055893747	0.7481815032906131
1.0	0.5971223021582733	0.7477477477477478
1.0	0.5971223021582733	0.7477477477477478
1.0	0.5971223021582733	0.7477477477477478
1.0	0.5965688987271721	0.7473136915077989
1.0	0.5960154952960708	0.746879334257975
1.0	0.5949086884338682	0.7460097154753642
1.0	0.5949086884338682	0.7460097154753642
1.0	0.5949086884338682	0.7460097154753642
1.0	0.594355285002767	0.7455744533148213
1.0	0.594355285002767	0.7455744533148213
1.0	0.594355285002767	0.7455744533148213
1.0	0.594355285002767	0.7455744533148213
1.0	0.5938018815716657	0.7451388888888888
1.0	0.5938018815716657	0.7451388888888888
1.0	0.5938018815716657	0.7451388888888888
1.0	0.5932484781405645	0.7447030218825981
1.0	0.5932484781405645	0.7447030218825981
1.0	0.5932484781405645	0.7447030218825981
1.0	0.5932484781405645	0.7447030218825981
1.0	0.5926950747094631	0.7442668519805421
1.0	0.5921416712783619	0.7438303788668752
1.0	0.5921416712783619	0.7438303788668752
1.0	0.5921416712783619	0.7438303788668752
1.0	0.5921416712783619	0.7438303788668752
1.0	0.5921416712783619	0.7438303788668752
1.0	0.5921416712783619	0.7438303788668752
1.0	0.5921416712783619	0.7438303788668752
1.0	0.5921416712783619	0.7438303788668752
1.0	0.5921416712783619	0.7438303788668752
1.0	0.5921416712783619	0.7438303788668752
1.0	0.5921416712783619	0.7438303788668752
1.0	0.5921416712783619	0.7438303788668752
1.0	0.5921416712783619	0.7438303788668752
1.0	0.5921416712783619	0.7438303788668752
1.0	0.5926950747094631	0.7442668519805421
1.0	0.5926950747094631	0.7442668519805421
1.0	0.5926950747094631	0.7442668519805421
1.0	0.5926950747094631	0.7442668519805421
1.0	0.5926950747094631	0.7442668519805421
1.0	0.5926950747094631	0.7442668519805421
1.0	0.5926950747094631	0.7442668519805421
1.0	0.5932484781405645	0.7447030218825981
1.0	0.5932484781405645	0.7447030218825981
1.0	0.5932484781405645	0.7447030218825981
1.0	0.5932484781405645	0.7447030218825981
1.0	0.5932484781405645	0.7447030218825981
1.0	0.5932484781405645	0.7447030218825981
1.0	0.5932484781405645	0.7447030218825981
1.0	0.5932484781405645	0.7447030218825981
1.0	0.5926950747094631	0.7442668519805421
1.0	0.5926950747094631	0.7442668519805421
1.0	0.5926950747094631	0.7442668519805421
1.0	0.5926950747094631	0.7442668519805421
1.0	0.5926950747094631	0.7442668519805421
1.0	0.5926950747094631	0.7442668519805421
1.0	0.5926950747094631	0.7442668519805421
1.0	0.5926950747094631	0.7442668519805421
1.0	0.5932484781405645	0.7447030218825981
1.0	0.5932484781405645	0.7447030218825981
1.0	0.5932484781405645	0.7447030218825981
1.0	0.5932484781405645	0.7447030218825981
1.0	0.5932484781405645	0.7447030218825981
1.0	0.5926950747094631	0.7442668519805421
1.0	0.5926950747094631	0.7442668519805421
1.0	0.5926950747094631	0.7442668519805421
1.0	0.5926950747094631	0.7442668519805421
1.0	0.5926950747094631	0.7442668519805421
1.0	0.5926950747094631	0.7442668519805421
1.0	0.5926950747094631	0.7442668519805421
1.0	0.5926950747094631	0.7442668519805421
1.0	0.5926950747094631	0.7442668519805421
1.0	0.5926950747094631	0.7442668519805421
1.0	0.5926950747094631	0.7442668519805421
1.0	0.5926950747094631	0.7442668519805421
1.0	0.5926950747094631	0.7442668519805421
1.0	0.5932484781405645	0.7447030218825981
1.0	0.5932484781405645	0.7447030218825981
1.0	0.5932484781405645	0.7447030218825981
1.0	0.5932484781405645	0.7447030218825981
1.0	0.5932484781405645	0.7447030218825981
1.0	0.5932484781405645	0.7447030218825981
1.0	0.5932484781405645	0.7447030218825981
1.0	0.5932484781405645	0.7447030218825981
1.0	0.5932484781405645	0.7447030218825981
1.0	0.5932484781405645	0.7447030218825981
1.0	0.5926950747094631	0.7442668519805421
1.0	0.5921416712783619	0.7438303788668752
1.0	0.5921416712783619	0.7438303788668752
1.0	0.5921416712783619	0.7438303788668752
1.0	0.5921416712783619	0.7438303788668752
1.0	0.5921416712783619	0.7438303788668752
1.0	0.5921416712783619	0.7438303788668752
1.0	0.5921416712783619	0.7438303788668752
1.0	0.5921416712783619	0.7438303788668752
1.0	0.5921416712783619	0.7438303788668752
1.0	0.5921416712783619	0.7438303788668752
1.0	0.5921416712783619	0.7438303788668752
1.0	0.5921416712783619	0.7438303788668752
1.0	0.5921416712783619	0.7438303788668752
1.0	0.5915882678472607	0.743393602225313
1.0	0.5915882678472607	0.743393602225313
1.0	0.5915882678472607	0.743393602225313
1.0	0.5915882678472607	0.743393602225313
1.0	0.5915882678472607	0.743393602225313
1.0	0.5915882678472607	0.743393602225313
1.0	0.5915882678472607	0.743393602225313
1.0	0.5915882678472607	0.743393602225313
1.0	0.5915882678472607	0.743393602225313
1.0	0.5915882678472607	0.743393602225313
1.0	0.5910348644161594	0.7429565217391304
1.0	0.5910348644161594	0.7429565217391304
1.0	0.5904814609850582	0.7425191370911622
1.0	0.5904814609850582	0.7425191370911622
1.0	0.5904814609850582	0.7425191370911622
1.0	0.5904814609850582	0.7425191370911622
1.0	0.5904814609850582	0.7425191370911622
1.0	0.5904814609850582	0.7425191370911622
1.0	0.5904814609850582	0.7425191370911622
1.0	0.5904814609850582	0.7425191370911622
1.0	0.5899280575539568	0.7420814479638009
1.0	0.5899280575539568	0.7420814479638009
1.0	0.5899280575539568	0.7420814479638009
1.0	0.5899280575539568	0.7420814479638009
1.0	0.5893746541228556	0.7416434540389972
1.0	0.5893746541228556	0.7416434540389972
1.0	0.5899280575539568	0.7420814479638009
1.0	0.5899280575539568	0.7420814479638009
1.0	0.5899280575539568	0.7420814479638009
1.0	0.5899280575539568	0.7420814479638009
1.0	0.5899280575539568	0.7420814479638009
1.0	0.5904814609850582	0.7425191370911622
1.0	0.5904814609850582	0.7425191370911622
1.0	0.5899280575539568	0.7420814479638009
1.0	0.5899280575539568	0.7420814479638009
1.0	0.5899280575539568	0.7420814479638009
1.0	0.5899280575539568	0.7420814479638009
1.0	0.5899280575539568	0.7420814479638009
1.0	0.5899280575539568	0.7420814479638009
1.0	0.5899280575539568	0.7420814479638009
1.0	0.5899280575539568	0.7420814479638009
1.0	0.5899280575539568	0.7420814479638009
1.0	0.5899280575539568	0.7420814479638009
1.0	0.5899280575539568	0.7420814479638009
1.0	0.5899280575539568	0.7420814479638009
1.0	0.5899280575539568	0.7420814479638009
1.0	0.5904814609850582	0.7425191370911622
1.0	0.5904814609850582	0.7425191370911622
1.0	0.5904814609850582	0.7425191370911622
1.0	0.5904814609850582	0.7425191370911622
1.0	0.5904814609850582	0.7425191370911622
1.0	0.5904814609850582	0.7425191370911622
1.0	0.5904814609850582	0.7425191370911622
1.0	0.5904814609850582	0.7425191370911622
1.0	0.5904814609850582	0.7425191370911622
1.0	0.5904814609850582	0.7425191370911622
1.0	0.5904814609850582	0.7425191370911622
1.0	0.5904814609850582	0.7425191370911622
1.0	0.5904814609850582	0.7425191370911622
1.0	0.5904814609850582	0.7425191370911622
1.0	0.5904814609850582	0.7425191370911622
1.0	0.5904814609850582	0.7425191370911622
1.0	0.5904814609850582	0.7425191370911622
1.0	0.5904814609850582	0.7425191370911622
1.0	0.5904814609850582	0.7425191370911622
1.0	0.5904814609850582	0.7425191370911622
1.0	0.5904814609850582	0.7425191370911622
1.0	0.5904814609850582	0.7425191370911622
1.0	0.5904814609850582	0.7425191370911622
1.0	0.5904814609850582	0.7425191370911622
1.0	0.5904814609850582	0.7425191370911622
1.0	0.5904814609850582	0.7425191370911622
1.0	0.5904814609850582	0.7425191370911622
1.0	0.5904814609850582	0.7425191370911622
1.0	0.5899280575539568	0.7420814479638009
1.0	0.5899280575539568	0.7420814479638009
1.0	0.5899280575539568	0.7420814479638009
1.0	0.5899280575539568	0.7420814479638009
1.0	0.5899280575539568	0.7420814479638009
1.0	0.5899280575539568	0.7420814479638009
1.0	0.5899280575539568	0.7420814479638009
1.0	0.5899280575539568	0.7420814479638009
1.0	0.5899280575539568	0.7420814479638009
1.0	0.5899280575539568	0.7420814479638009
1.0	0.5899280575539568	0.7420814479638009
1.0	0.5899280575539568	0.7420814479638009
1.0	0.5893746541228556	0.7416434540389972
1.0	0.5893746541228556	0.7416434540389972
1.0	0.5893746541228556	0.7416434540389972
1.0	0.5893746541228556	0.7416434540389972
1.0	0.5888212506917543	0.7412051549982585
1.0	0.5882678472606531	0.7407665505226482
1.0	0.5877144438295517	0.7403276402927849
1.0	0.5877144438295517	0.7403276402927849
1.0	0.5877144438295517	0.7403276402927849
1.0	0.5877144438295517	0.7403276402927849
1.0	0.5877144438295517	0.7403276402927849
1.0	0.5877144438295517	0.7403276402927849
1.0	0.5877144438295517	0.7403276402927849
1.0	0.5877144438295517	0.7403276402927849
1.0	0.5877144438295517	0.7403276402927849
1.0	0.5877144438295517	0.7403276402927849
1.0	0.5877144438295517	0.7403276402927849
1.0	0.5877144438295517	0.7403276402927849
1.0	0.5877144438295517	0.7403276402927849
1.0	0.5877144438295517	0.7403276402927849
1.0	0.5877144438295517	0.7403276402927849
1.0	0.5877144438295517	0.7403276402927849
1.0	0.5877144438295517	0.7403276402927849
1.0	0.5877144438295517	0.7403276402927849
1.0	0.5877144438295517	0.7403276402927849
1.0	0.5877144438295517	0.7403276402927849
1.0	0.5877144438295517	0.7403276402927849
1.0	0.5877144438295517	0.7403276402927849
1.0	0.5877144438295517	0.7403276402927849
1.0	0.5877144438295517	0.7403276402927849
1.0	0.5877144438295517	0.7403276402927849
1.0	0.5877144438295517	0.7403276402927849
1.0	0.5877144438295517	0.7403276402927849
1.0	0.5871610403984505	0.7398884239888425
1.0	0.5871610403984505	0.7398884239888425
1.0	0.5871610403984505	0.7398884239888425
1.0	0.5871610403984505	0.7398884239888425
1.0	0.5871610403984505	0.7398884239888425
1.0	0.5871610403984505	0.7398884239888425
1.0	0.5871610403984505	0.7398884239888425
1.0	0.5871610403984505	0.7398884239888425
1.0	0.5871610403984505	0.7398884239888425
1.0	0.5866076369673492	0.7394489012905476
1.0	0.5866076369673492	0.7394489012905476
1.0	0.5866076369673492	0.7394489012905476
1.0	0.5866076369673492	0.7394489012905476
1.0	0.5866076369673492	0.7394489012905476
1.0	0.5866076369673492	0.7394489012905476
1.0	0.5866076369673492	0.7394489012905476
1.0	0.5866076369673492	0.7394489012905476
1.0	0.5866076369673492	0.7394489012905476
1.0	0.5866076369673492	0.7394489012905476
1.0	0.5866076369673492	0.7394489012905476
1.0	0.5866076369673492	0.7394489012905476
1.0	0.5866076369673492	0.7394489012905476
1.0	0.5866076369673492	0.7394489012905476
1.0	0.5866076369673492	0.7394489012905476
1.0	0.5866076369673492	0.7394489012905476
1.0	0.5866076369673492	0.7394489012905476
1.0	0.5871610403984505	0.7398884239888425
1.0	0.5866076369673492	0.7394489012905476
1.0	0.5866076369673492	0.7394489012905476
1.0	0.5866076369673492	0.7394489012905476
1.0	0.586054233536248	0.7390090718771808
1.0	0.586054233536248	0.7390090718771808
1.0	0.586054233536248	0.7390090718771808
1.0	0.586054233536248	0.7390090718771808
1.0	0.586054233536248	0.7390090718771808
1.0	0.586054233536248	0.7390090718771808
1.0	0.586054233536248	0.7390090718771808
1.0	0.5855008301051466	0.7385689354275742
1.0	0.5855008301051466	0.7385689354275742
1.0	0.5855008301051466	0.7385689354275742
1.0	0.5855008301051466	0.7385689354275742
1.0	0.5855008301051466	0.7385689354275742
1.0	0.5855008301051466	0.7385689354275742
1.0	0.5855008301051466	0.7385689354275742
1.0	0.5849474266740454	0.7381284916201117
1.0	0.5843940232429441	0.7376877401327279
1.0	0.5843940232429441	0.7376877401327279
1.0	0.5843940232429441	0.7376877401327279
1.0	0.5843940232429441	0.7376877401327279
1.0	0.5843940232429441	0.7376877401327279
1.0	0.5843940232429441	0.7376877401327279
1.0	0.5843940232429441	0.7376877401327279
1.0	0.5843940232429441	0.7376877401327279
1.0	0.5843940232429441	0.7376877401327279
1.0	0.5843940232429441	0.7376877401327279
1.0	0.5843940232429441	0.7376877401327279
1.0	0.5843940232429441	0.7376877401327279
1.0	0.5843940232429441	0.7376877401327279
1.0	0.5843940232429441	0.7376877401327279
1.0	0.5843940232429441	0.7376877401327279
1.0	0.5843940232429441	0.7376877401327279
1.0	0.5843940232429441	0.7376877401327279
1.0	0.5843940232429441	0.7376877401327279
1.0	0.5843940232429441	0.7376877401327279
1.0	0.5843940232429441	0.7376877401327279
1.0	0.5843940232429441	0.7376877401327279
1.0	0.5843940232429441	0.7376877401327279
1.0	0.5838406198118429	0.7372466806429071
1.0	0.5832872163807415	0.7368053128276826
1.0	0.5832872163807415	0.7368053128276826
1.0	0.5832872163807415	0.7368053128276826
1.0	0.5832872163807415	0.7368053128276826
1.0	0.5832872163807415	0.7368053128276826
1.0	0.5832872163807415	0.7368053128276826
1.0	0.5832872163807415	0.7368053128276826
1.0	0.5832872163807415	0.7368053128276826
1.0	0.5827338129496403	0.7363636363636364
1.0	0.582180409518539	0.7359216509268975
1.0	0.582180409518539	0.7359216509268975
1.0	0.582180409518539	0.7359216509268975
1.0	0.582180409518539	0.7359216509268975
1.0	0.582180409518539	0.7359216509268975
1.0	0.582180409518539	0.7359216509268975
1.0	0.582180409518539	0.7359216509268975
1.0	0.582180409518539	0.7359216509268975
1.0	0.582180409518539	0.7359216509268975
1.0	0.582180409518539	0.7359216509268975
1.0	0.5816270060874378	0.7354793561931421
1.0	0.5816270060874378	0.7354793561931421
1.0	0.5816270060874378	0.7354793561931421
1.0	0.5816270060874378	0.7354793561931421
1.0	0.5816270060874378	0.7354793561931421
1.0	0.5816270060874378	0.7354793561931421
1.0	0.5816270060874378	0.7354793561931421
1.0	0.5810736026563365	0.7350367518375919
1.0	0.5805201992252352	0.734593837535014
1.0	0.5805201992252352	0.734593837535014
1.0	0.5799667957941339	0.7341506129597197
1.0	0.5799667957941339	0.7341506129597197
1.0	0.5799667957941339	0.7341506129597197
1.0	0.5799667957941339	0.7341506129597197
1.0	0.5799667957941339	0.7341506129597197
1.0	0.5799667957941339	0.7341506129597197
1.0	0.5794133923630327	0.7337070777855641
1.0	0.5794133923630327	0.7337070777855641
1.0	0.5794133923630327	0.7337070777855641
1.0	0.5794133923630327	0.7337070777855641
1.0	0.5794133923630327	0.7337070777855641
1.0	0.5794133923630327	0.7337070777855641
1.0	0.5794133923630327	0.7337070777855641
1.0	0.5794133923630327	0.7337070777855641
1.0	0.5794133923630327	0.7337070777855641
1.0	0.5794133923630327	0.7337070777855641
1.0	0.5794133923630327	0.7337070777855641
1.0	0.5794133923630327	0.7337070777855641
1.0	0.5794133923630327	0.7337070777855641
1.0	0.5794133923630327	0.7337070777855641
1.0	0.5794133923630327	0.7337070777855641
1.0	0.5794133923630327	0.7337070777855641
1.0	0.5794133923630327	0.7337070777855641
1.0	0.5794133923630327	0.7337070777855641
1.0	0.5794133923630327	0.7337070777855641
1.0	0.5794133923630327	0.7337070777855641
1.0	0.5788599889319314	0.7332632316859445
1.0	0.5788599889319314	0.7332632316859445
1.0	0.5783065855008301	0.7328190743338009
1.0	0.5783065855008301	0.7328190743338009
1.0	0.5783065855008301	0.7328190743338009
1.0	0.5783065855008301	0.7328190743338009
1.0	0.5783065855008301	0.7328190743338009
1.0	0.5783065855008301	0.7328190743338009
1.0	0.5783065855008301	0.7328190743338009
1.0	0.5783065855008301	0.7328190743338009
1.0	0.5783065855008301	0.7328190743338009
1.0	0.5783065855008301	0.7328190743338009
1.0	0.5783065855008301	0.7328190743338009
1.0	0.5777531820697288	0.7323746054016135
1.0	0.5777531820697288	0.7323746054016135
1.0	0.5777531820697288	0.7323746054016135
1.0	0.5777531820697288	0.7323746054016135
1.0	0.5777531820697288	0.7323746054016135
1.0	0.5777531820697288	0.7323746054016135
1.0	0.5777531820697288	0.7323746054016135
1.0	0.5771997786386276	0.7319298245614035
1.0	0.5771997786386276	0.7319298245614035
1.0	0.5771997786386276	0.7319298245614035
1.0	0.5771997786386276	0.7319298245614035
1.0	0.5771997786386276	0.7319298245614035
1.0	0.5771997786386276	0.7319298245614035
1.0	0.5771997786386276	0.7319298245614035
1.0	0.5771997786386276	0.7319298245614035
1.0	0.5771997786386276	0.7319298245614035
1.0	0.5771997786386276	0.7319298245614035
1.0	0.5771997786386276	0.7319298245614035
1.0	0.5777531820697288	0.7323746054016135
1.0	0.5777531820697288	0.7323746054016135
1.0	0.5777531820697288	0.7323746054016135
1.0	0.5777531820697288	0.7323746054016135
1.0	0.5777531820697288	0.7323746054016135
1.0	0.5777531820697288	0.7323746054016135
1.0	0.5771997786386276	0.7319298245614035
1.0	0.5771997786386276	0.7319298245614035
1.0	0.5771997786386276	0.7319298245614035
1.0	0.5766463752075263	0.7314847314847315
1.0	0.5766463752075263	0.7314847314847315
1.0	0.5766463752075263	0.7314847314847315
1.0	0.5771997786386276	0.7319298245614035
1.0	0.5771997786386276	0.7319298245614035
1.0	0.5771997786386276	0.7319298245614035
1.0	0.5771997786386276	0.7319298245614035
1.0	0.5771997786386276	0.7319298245614035
1.0	0.5771997786386276	0.7319298245614035
1.0	0.5771997786386276	0.7319298245614035
1.0	0.5771997786386276	0.7319298245614035
1.0	0.5771997786386276	0.7319298245614035
1.0	0.5771997786386276	0.7319298245614035
1.0	0.5771997786386276	0.7319298245614035
1.0	0.5771997786386276	0.7319298245614035
1.0	0.5771997786386276	0.7319298245614035
1.0	0.5771997786386276	0.7319298245614035
1.0	0.5771997786386276	0.7319298245614035
1.0	0.5771997786386276	0.7319298245614035
1.0	0.5771997786386276	0.7319298245614035
1.0	0.5771997786386276	0.7319298245614035
1.0	0.5771997786386276	0.7319298245614035
1.0	0.5771997786386276	0.7319298245614035
1.0	0.5771997786386276	0.7319298245614035
1.0	0.5771997786386276	0.7319298245614035
1.0	0.5771997786386276	0.7319298245614035
1.0	0.5771997786386276	0.7319298245614035
1.0	0.5771997786386276	0.7319298245614035
1.0	0.5771997786386276	0.7319298245614035
1.0	0.5771997786386276	0.7319298245614035
1.0	0.5771997786386276	0.7319298245614035
1.0	0.5766463752075263	0.7314847314847315
1.0	0.5766463752075263	0.7314847314847315
1.0	0.5766463752075263	0.7314847314847315
1.0	0.5766463752075263	0.7314847314847315
1.0	0.576092971776425	0.7310393258426966
1.0	0.5755395683453237	0.730593607305936
1.0	0.576092971776425	0.7310393258426966
1.0	0.576092971776425	0.7310393258426966
1.0	0.576092971776425	0.7310393258426966
1.0	0.576092971776425	0.7310393258426966
1.0	0.576092971776425	0.7310393258426966
1.0	0.576092971776425	0.7310393258426966
1.0	0.576092971776425	0.7310393258426966
1.0	0.576092971776425	0.7310393258426966
1.0	0.576092971776425	0.7310393258426966
1.0	0.576092971776425	0.7310393258426966
1.0	0.576092971776425	0.7310393258426966
1.0	0.576092971776425	0.7310393258426966
1.0	0.576092971776425	0.7310393258426966
1.0	0.576092971776425	0.7310393258426966
1.0	0.576092971776425	0.7310393258426966
1.0	0.576092971776425	0.7310393258426966
1.0	0.5755395683453237	0.730593607305936
1.0	0.5755395683453237	0.730593607305936
1.0	0.5755395683453237	0.730593607305936
1.0	0.5755395683453237	0.730593607305936
1.0	0.5755395683453237	0.730593607305936
1.0	0.5755395683453237	0.730593607305936
1.0	0.5749861649142225	0.7301475755446241
1.0	0.5749861649142225	0.7301475755446241
1.0	0.5749861649142225	0.7301475755446241
1.0	0.5749861649142225	0.7301475755446241
1.0	0.5749861649142225	0.7301475755446241
1.0	0.5749861649142225	0.7301475755446241
1.0	0.5749861649142225	0.7301475755446241
1.0	0.5749861649142225	0.7301475755446241
1.0	0.5749861649142225	0.7301475755446241
1.0	0.5749861649142225	0.7301475755446241
1.0	0.5749861649142225	0.7301475755446241
1.0	0.5749861649142225	0.7301475755446241
1.0	0.5749861649142225	0.7301475755446241
1.0	0.5749861649142225	0.7301475755446241
1.0	0.5749861649142225	0.7301475755446241
1.0	0.5749861649142225	0.7301475755446241
1.0	0.5749861649142225	0.7301475755446241
1.0	0.5744327614831212	0.7297012302284709
1.0	0.5744327614831212	0.7297012302284709
1.0	0.5744327614831212	0.7297012302284709
1.0	0.5744327614831212	0.7297012302284709
1.0	0.5744327614831212	0.7297012302284709
1.0	0.5744327614831212	0.7297012302284709
1.0	0.5744327614831212	0.7297012302284709
1.0	0.5744327614831212	0.7297012302284709
1.0	0.5744327614831212	0.7297012302284709
1.0	0.5744327614831212	0.7297012302284709
1.0	0.57387935805202	0.729254571026723
1.0	0.57387935805202	0.729254571026723
1.0	0.57387935805202	0.729254571026723
1.0	0.5733259546209186	0.7288075976081604
1.0	0.5733259546209186	0.7288075976081604
1.0	0.5733259546209186	0.7288075976081604
1.0	0.5733259546209186	0.7288075976081604
1.0	0.5727725511898174	0.7283603096410979
1.0	0.5722191477587161	0.7279127067933826
1.0	0.5722191477587161	0.7279127067933826
1.0	0.5716657443276149	0.7274647887323943
1.0	0.5716657443276149	0.7274647887323943
1.0	0.5716657443276149	0.7274647887323943
1.0	0.5711123408965135	0.727016555125044
1.0	0.5711123408965135	0.727016555125044
1.0	0.5711123408965135	0.727016555125044
1.0	0.5711123408965135	0.727016555125044
1.0	0.5711123408965135	0.727016555125044
1.0	0.5705589374654123	0.7265680056377731
1.0	0.5705589374654123	0.7265680056377731
1.0	0.5705589374654123	0.7265680056377731
1.0	0.5705589374654123	0.7265680056377731
1.0	0.5705589374654123	0.7265680056377731
1.0	0.5705589374654123	0.7265680056377731
1.0	0.5705589374654123	0.7265680056377731
1.0	0.5705589374654123	0.7265680056377731
1.0	0.5705589374654123	0.7265680056377731
1.0	0.5705589374654123	0.7265680056377731
1.0	0.5705589374654123	0.7265680056377731
1.0	0.5705589374654123	0.7265680056377731
1.0	0.5705589374654123	0.7265680056377731
1.0	0.5705589374654123	0.7265680056377731
1.0	0.5705589374654123	0.7265680056377731
1.0	0.570005534034311	0.7261191399365526
1.0	0.570005534034311	0.7261191399365526
1.0	0.570005534034311	0.7261191399365526
1.0	0.570005534034311	0.7261191399365526
1.0	0.570005534034311	0.7261191399365526
1.0	0.570005534034311	0.7261191399365526
1.0	0.5694521306032098	0.725669957686883
1.0	0.5694521306032098	0.725669957686883
1.0	0.5694521306032098	0.725669957686883
1.0	0.5694521306032098	0.725669957686883
1.0	0.5688987271721084	0.7252204585537919
1.0	0.5688987271721084	0.7252204585537919
1.0	0.5688987271721084	0.7252204585537919
1.0	0.5688987271721084	0.7252204585537919
1.0	0.5688987271721084	0.7252204585537919
1.0	0.5683453237410072	0.7247706422018348
1.0	0.5677919203099059	0.7243205082950935
1.0	0.5677919203099059	0.7243205082950935
1.0	0.5677919203099059	0.7243205082950935
1.0	0.5672385168788047	0.7238700564971751
1.0	0.5672385168788047	0.7238700564971751
1.0	0.5672385168788047	0.7238700564971751
1.0	0.5672385168788047	0.7238700564971751
1.0	0.5672385168788047	0.7238700564971751
1.0	0.5672385168788047	0.7238700564971751
1.0	0.5672385168788047	0.7238700564971751
1.0	0.5672385168788047	0.7238700564971751
1.0	0.5672385168788047	0.7238700564971751
1.0	0.5672385168788047	0.7238700564971751
1.0	0.5672385168788047	0.7238700564971751
1.0	0.5672385168788047	0.7238700564971751
1.0	0.5672385168788047	0.7238700564971751
1.0	0.5672385168788047	0.7238700564971751
1.0	0.5672385168788047	0.7238700564971751
1.0	0.5672385168788047	0.7238700564971751
1.0	0.5672385168788047	0.7238700564971751
1.0	0.5672385168788047	0.7238700564971751
1.0	0.5672385168788047	0.7238700564971751
1.0	0.5672385168788047	0.7238700564971751
1.0	0.5672385168788047	0.7238700564971751
1.0	0.5672385168788047	0.7238700564971751
1.0	0.5672385168788047	0.7238700564971751
1.0	0.5672385168788047	0.7238700564971751
1.0	0.5672385168788047	0.7238700564971751
1.0	0.5677919203099059	0.7243205082950935
1.0	0.5677919203099059	0.7243205082950935
1.0	0.5677919203099059	0.7243205082950935
1.0	0.5677919203099059	0.7243205082950935
1.0	0.5677919203099059	0.7243205082950935
1.0	0.5677919203099059	0.7243205082950935
1.0	0.5677919203099059	0.7243205082950935
1.0	0.5677919203099059	0.7243205082950935
1.0	0.5677919203099059	0.7243205082950935
1.0	0.5677919203099059	0.7243205082950935
1.0	0.5677919203099059	0.7243205082950935
1.0	0.5677919203099059	0.7243205082950935
1.0	0.5683453237410072	0.7247706422018348
1.0	0.5683453237410072	0.7247706422018348
1.0	0.5683453237410072	0.7247706422018348
1.0	0.5683453237410072	0.7247706422018348
1.0	0.5683453237410072	0.7247706422018348
1.0	0.5683453237410072	0.7247706422018348
1.0	0.5683453237410072	0.7247706422018348
1.0	0.5683453237410072	0.7247706422018348
1.0	0.5683453237410072	0.7247706422018348
1.0	0.5688987271721084	0.7252204585537919
1.0	0.5688987271721084	0.7252204585537919
1.0	0.5683453237410072	0.7247706422018348
1.0	0.5683453237410072	0.7247706422018348
1.0	0.5683453237410072	0.7247706422018348
1.0	0.5683453237410072	0.7247706422018348
1.0	0.5683453237410072	0.7247706422018348
1.0	0.5683453237410072	0.7247706422018348
1.0	0.5683453237410072	0.7247706422018348
1.0	0.5683453237410072	0.7247706422018348
1.0	0.5683453237410072	0.7247706422018348
1.0	0.5683453237410072	0.7247706422018348
1.0	0.5683453237410072	0.7247706422018348
1.0	0.5683453237410072	0.7247706422018348
1.0	0.5683453237410072	0.7247706422018348
1.0	0.5683453237410072	0.7247706422018348
1.0	0.5683453237410072	0.7247706422018348
1.0	0.5683453237410072	0.7247706422018348
1.0	0.5688987271721084	0.7252204585537919
1.0	0.5688987271721084	0.7252204585537919
1.0	0.5688987271721084	0.7252204585537919
1.0	0.5688987271721084	0.7252204585537919
1.0	0.5688987271721084	0.7252204585537919
1.0	0.5688987271721084	0.7252204585537919
1.0	0.5688987271721084	0.7252204585537919
1.0	0.5688987271721084	0.7252204585537919
1.0	0.5683453237410072	0.7247706422018348
1.0	0.5683453237410072	0.7247706422018348
1.0	0.5683453237410072	0.7247706422018348
1.0	0.5683453237410072	0.7247706422018348
1.0	0.5683453237410072	0.7247706422018348
1.0	0.5683453237410072	0.7247706422018348
1.0	0.5683453237410072	0.7247706422018348
1.0	0.5683453237410072	0.7247706422018348
1.0	0.5683453237410072	0.7247706422018348
1.0	0.5683453237410072	0.7247706422018348
1.0	0.5683453237410072	0.7247706422018348
1.0	0.5683453237410072	0.7247706422018348
1.0	0.5683453237410072	0.7247706422018348
1.0	0.5683453237410072	0.7247706422018348
1.0	0.5683453237410072	0.7247706422018348
1.0	0.5683453237410072	0.7247706422018348
1.0	0.5683453237410072	0.7247706422018348
1.0	0.5683453237410072	0.7247706422018348
1.0	0.5683453237410072	0.7247706422018348
1.0	0.5683453237410072	0.7247706422018348
1.0	0.5683453237410072	0.7247706422018348
1.0	0.5683453237410072	0.7247706422018348
1.0	0.5683453237410072	0.7247706422018348
1.0	0.5683453237410072	0.7247706422018348
1.0	0.5683453237410072	0.7247706422018348
1.0	0.5677919203099059	0.7243205082950935
1.0	0.5677919203099059	0.7243205082950935
1.0	0.5677919203099059	0.7243205082950935
1.0	0.5677919203099059	0.7243205082950935
1.0	0.5677919203099059	0.7243205082950935
1.0	0.5677919203099059	0.7243205082950935
1.0	0.5677919203099059	0.7243205082950935
1.0	0.5677919203099059	0.7243205082950935
1.0	0.5677919203099059	0.7243205082950935
1.0	0.5677919203099059	0.7243205082950935
1.0	0.5677919203099059	0.7243205082950935
1.0	0.5677919203099059	0.7243205082950935
1.0	0.5677919203099059	0.7243205082950935
1.0	0.5677919203099059	0.7243205082950935
1.0	0.5677919203099059	0.7243205082950935
1.0	0.5677919203099059	0.7243205082950935
1.0	0.5677919203099059	0.7243205082950935
1.0	0.5677919203099059	0.7243205082950935
1.0	0.5677919203099059	0.7243205082950935
1.0	0.5677919203099059	0.7243205082950935
1.0	0.5677919203099059	0.7243205082950935
1.0	0.5677919203099059	0.7243205082950935
1.0	0.5677919203099059	0.7243205082950935
1.0	0.5677919203099059	0.7243205082950935
1.0	0.5677919203099059	0.7243205082950935
1.0	0.5677919203099059	0.7243205082950935
1.0	0.5677919203099059	0.7243205082950935
1.0	0.5677919203099059	0.7243205082950935
1.0	0.5677919203099059	0.7243205082950935
1.0	0.5677919203099059	0.7243205082950935
1.0	0.5677919203099059	0.7243205082950935
1.0	0.5677919203099059	0.7243205082950935
1.0	0.5677919203099059	0.7243205082950935
1.0	0.5677919203099059	0.7243205082950935
1.0	0.5677919203099059	0.7243205082950935
1.0	0.5677919203099059	0.7243205082950935
1.0	0.5677919203099059	0.7243205082950935
1.0	0.5677919203099059	0.7243205082950935
1.0	0.5677919203099059	0.7243205082950935
1.0	0.5677919203099059	0.7243205082950935
1.0	0.5672385168788047	0.7238700564971751
1.0	0.5672385168788047	0.7238700564971751
1.0	0.5672385168788047	0.7238700564971751
1.0	0.5672385168788047	0.7238700564971751
1.0	0.5672385168788047	0.7238700564971751
1.0	0.5672385168788047	0.7238700564971751
1.0	0.5666851134477033	0.7234192864712116
1.0	0.5666851134477033	0.7234192864712116
1.0	0.5666851134477033	0.7234192864712116
1.0	0.5666851134477033	0.7234192864712116
1.0	0.5666851134477033	0.7234192864712116
1.0	0.5666851134477033	0.7234192864712116
1.0	0.5666851134477033	0.7234192864712116
1.0	0.5666851134477033	0.7234192864712116
1.0	0.5666851134477033	0.7234192864712116
1.0	0.5666851134477033	0.7234192864712116
1.0	0.5666851134477033	0.7234192864712116
1.0	0.5666851134477033	0.7234192864712116
1.0	0.5666851134477033	0.7234192864712116
1.0	0.5666851134477033	0.7234192864712116
1.0	0.5661317100166021	0.7229681978798587
1.0	0.5661317100166021	0.7229681978798587
1.0	0.5661317100166021	0.7229681978798587
1.0	0.5661317100166021	0.7229681978798587
1.0	0.5661317100166021	0.7229681978798587
1.0	0.5661317100166021	0.7229681978798587
1.0	0.5661317100166021	0.7229681978798587
1.0	0.5661317100166021	0.7229681978798587
1.0	0.5661317100166021	0.7229681978798587
1.0	0.5661317100166021	0.7229681978798587
1.0	0.5661317100166021	0.7229681978798587
1.0	0.5661317100166021	0.7229681978798587
1.0	0.5661317100166021	0.7229681978798587
1.0	0.5661317100166021	0.7229681978798587
1.0	0.5661317100166021	0.7229681978798587
1.0	0.5661317100166021	0.7229681978798587
1.0	0.5655783065855008	0.722516790385295
1.0	0.5655783065855008	0.722516790385295
1.0	0.5655783065855008	0.722516790385295
1.0	0.5655783065855008	0.722516790385295
1.0	0.5655783065855008	0.722516790385295
1.0	0.5655783065855008	0.722516790385295
1.0	0.5650249031543996	0.7220650636492222
1.0	0.5650249031543996	0.7220650636492222
1.0	0.5650249031543996	0.7220650636492222
1.0	0.5650249031543996	0.7220650636492222
1.0	0.5644714997232982	0.7216130173328617
1.0	0.5644714997232982	0.7216130173328617
1.0	0.5644714997232982	0.7216130173328617
1.0	0.5644714997232982	0.7216130173328617
1.0	0.563918096292197	0.7211606510969568
1.0	0.563918096292197	0.7211606510969568
1.0	0.5633646928610957	0.7207079646017699
1.0	0.5633646928610957	0.7207079646017699
1.0	0.5633646928610957	0.7207079646017699
1.0	0.5633646928610957	0.7207079646017699
1.0	0.5633646928610957	0.7207079646017699
1.0	0.5633646928610957	0.7207079646017699
1.0	0.5633646928610957	0.7207079646017699
1.0	0.5633646928610957	0.7207079646017699
1.0	0.5633646928610957	0.7207079646017699
1.0	0.5633646928610957	0.7207079646017699
1.0	0.5633646928610957	0.7207079646017699
1.0	0.5633646928610957	0.7207079646017699
1.0	0.5633646928610957	0.7207079646017699
1.0	0.5633646928610957	0.7207079646017699
1.0	0.5633646928610957	0.7207079646017699
1.0	0.5633646928610957	0.7207079646017699
1.0	0.5633646928610957	0.7207079646017699
1.0	0.5633646928610957	0.7207079646017699
1.0	0.5628112894299945	0.7202549575070821
1.0	0.5628112894299945	0.7202549575070821
1.0	0.5628112894299945	0.7202549575070821
1.0	0.5628112894299945	0.7202549575070821
1.0	0.5628112894299945	0.7202549575070821
1.0	0.5628112894299945	0.7202549575070821
1.0	0.5628112894299945	0.7202549575070821
1.0	0.5628112894299945	0.7202549575070821
1.0	0.5628112894299945	0.7202549575070821
1.0	0.5628112894299945	0.7202549575070821
1.0	0.5628112894299945	0.7202549575070821
1.0	0.5628112894299945	0.7202549575070821
1.0	0.5628112894299945	0.7202549575070821
1.0	0.5628112894299945	0.7202549575070821
1.0	0.5628112894299945	0.7202549575070821
1.0	0.5622578859988931	0.7198016294721926
1.0	0.5622578859988931	0.7198016294721926
1.0	0.5622578859988931	0.7198016294721926
1.0	0.5622578859988931	0.7198016294721926
1.0	0.5622578859988931	0.7198016294721926
1.0	0.5622578859988931	0.7198016294721926
1.0	0.5622578859988931	0.7198016294721926
1.0	0.5622578859988931	0.7198016294721926
1.0	0.5622578859988931	0.7198016294721926
1.0	0.5622578859988931	0.7198016294721926
1.0	0.5622578859988931	0.7198016294721926
1.0	0.5622578859988931	0.7198016294721926
1.0	0.5622578859988931	0.7198016294721926
1.0	0.5622578859988931	0.7198016294721926
1.0	0.5617044825677919	0.7193479801559178
1.0	0.5617044825677919	0.7193479801559178
1.0	0.5617044825677919	0.7193479801559178
1.0	0.5617044825677919	0.7193479801559178
1.0	0.5617044825677919	0.7193479801559178
1.0	0.5617044825677919	0.7193479801559178
1.0	0.5617044825677919	0.7193479801559178
1.0	0.5617044825677919	0.7193479801559178
1.0	0.5617044825677919	0.7193479801559178
1.0	0.5617044825677919	0.7193479801559178
1.0	0.5617044825677919	0.7193479801559178
1.0	0.5617044825677919	0.7193479801559178
1.0	0.5617044825677919	0.7193479801559178
1.0	0.5617044825677919	0.7193479801559178
1.0	0.5617044825677919	0.7193479801559178
1.0	0.5617044825677919	0.7193479801559178
1.0	0.5617044825677919	0.7193479801559178
1.0	0.5617044825677919	0.7193479801559178
1.0	0.5617044825677919	0.7193479801559178
1.0	0.5617044825677919	0.7193479801559178
1.0	0.5617044825677919	0.7193479801559178
1.0	0.5617044825677919	0.7193479801559178
1.0	0.5617044825677919	0.7193479801559178
1.0	0.5617044825677919	0.7193479801559178
1.0	0.5617044825677919	0.7193479801559178
1.0	0.5617044825677919	0.7193479801559178
1.0	0.5617044825677919	0.7193479801559178
1.0	0.5617044825677919	0.7193479801559178
1.0	0.5617044825677919	0.7193479801559178
1.0	0.5617044825677919	0.7193479801559178
1.0	0.5617044825677919	0.7193479801559178
1.0	0.5617044825677919	0.7193479801559178
1.0	0.5617044825677919	0.7193479801559178
1.0	0.5617044825677919	0.7193479801559178
1.0	0.5617044825677919	0.7193479801559178
1.0	0.5617044825677919	0.7193479801559178
1.0	0.5617044825677919	0.7193479801559178
1.0	0.5617044825677919	0.7193479801559178
1.0	0.5617044825677919	0.7193479801559178
1.0	0.5617044825677919	0.7193479801559178
1.0	0.5617044825677919	0.7193479801559178
1.0	0.5617044825677919	0.7193479801559178
1.0	0.5611510791366906	0.7188940092165897
1.0	0.5611510791366906	0.7188940092165897
1.0	0.5611510791366906	0.7188940092165897
1.0	0.5611510791366906	0.7188940092165897
1.0	0.5611510791366906	0.7188940092165897
1.0	0.5611510791366906	0.7188940092165897
1.0	0.5611510791366906	0.7188940092165897
1.0	0.5611510791366906	0.7188940092165897
1.0	0.5611510791366906	0.7188940092165897
1.0	0.5605976757055894	0.7184397163120568
1.0	0.5605976757055894	0.7184397163120568
1.0	0.5605976757055894	0.7184397163120568
1.0	0.5605976757055894	0.7184397163120568
1.0	0.5605976757055894	0.7184397163120568
1.0	0.5605976757055894	0.7184397163120568
1.0	0.5605976757055894	0.7184397163120568
1.0	0.560044272274488	0.7179851010996807
1.0	0.560044272274488	0.7179851010996807
1.0	0.560044272274488	0.7179851010996807
1.0	0.560044272274488	0.7179851010996807
1.0	0.560044272274488	0.7179851010996807
1.0	0.560044272274488	0.7179851010996807
1.0	0.560044272274488	0.7179851010996807
1.0	0.560044272274488	0.7179851010996807
1.0	0.560044272274488	0.7179851010996807
1.0	0.560044272274488	0.7179851010996807
1.0	0.560044272274488	0.7179851010996807
1.0	0.5594908688433868	0.7175301632363378
1.0	0.5594908688433868	0.7175301632363378
1.0	0.5594908688433868	0.7175301632363378
1.0	0.5594908688433868	0.7175301632363378
1.0	0.5594908688433868	0.7175301632363378
1.0	0.5589374654122855	0.7170749023784168
1.0	0.5583840619811843	0.7166193181818181
1.0	0.5583840619811843	0.7166193181818181
1.0	0.5583840619811843	0.7166193181818181
1.0	0.5583840619811843	0.7166193181818181
1.0	0.5583840619811843	0.7166193181818181
1.0	0.5583840619811843	0.7166193181818181
1.0	0.5583840619811843	0.7166193181818181
1.0	0.5583840619811843	0.7166193181818181
1.0	0.5583840619811843	0.7166193181818181
1.0	0.5583840619811843	0.7166193181818181
1.0	0.5583840619811843	0.7166193181818181
1.0	0.557830658550083	0.7161634103019537
1.0	0.5572772551189817	0.7157071783937455
1.0	0.5572772551189817	0.7157071783937455
1.0	0.5572772551189817	0.7157071783937455
1.0	0.5572772551189817	0.7157071783937455
1.0	0.5572772551189817	0.7157071783937455
1.0	0.5572772551189817	0.7157071783937455
1.0	0.5572772551189817	0.7157071783937455
1.0	0.5572772551189817	0.7157071783937455
1.0	0.5572772551189817	0.7157071783937455
1.0	0.5572772551189817	0.7157071783937455
1.0	0.5572772551189817	0.7157071783937455
1.0	0.5572772551189817	0.7157071783937455
1.0	0.5572772551189817	0.7157071783937455
1.0	0.5572772551189817	0.7157071783937455
1.0	0.5572772551189817	0.7157071783937455
1.0	0.5572772551189817	0.7157071783937455
1.0	0.5572772551189817	0.7157071783937455
1.0	0.5572772551189817	0.7157071783937455
1.0	0.557830658550083	0.7161634103019537
1.0	0.557830658550083	0.7161634103019537
1.0	0.557830658550083	0.7161634103019537
1.0	0.557830658550083	0.7161634103019537
1.0	0.557830658550083	0.7161634103019537
1.0	0.557830658550083	0.7161634103019537
1.0	0.557830658550083	0.7161634103019537
1.0	0.557830658550083	0.7161634103019537
1.0	0.5572772551189817	0.7157071783937455
1.0	0.5572772551189817	0.7157071783937455
1.0	0.5572772551189817	0.7157071783937455
1.0	0.557830658550083	0.7161634103019537
1.0	0.557830658550083	0.7161634103019537
1.0	0.557830658550083	0.7161634103019537
1.0	0.557830658550083	0.7161634103019537
1.0	0.557830658550083	0.7161634103019537
1.0	0.557830658550083	0.7161634103019537
1.0	0.557830658550083	0.7161634103019537
1.0	0.557830658550083	0.7161634103019537
1.0	0.557830658550083	0.7161634103019537
1.0	0.557830658550083	0.7161634103019537
1.0	0.557830658550083	0.7161634103019537
1.0	0.557830658550083	0.7161634103019537
1.0	0.5567238516878804	0.7152506221116245
1.0	0.5567238516878804	0.7152506221116245
1.0	0.5567238516878804	0.7152506221116245
1.0	0.5561704482567792	0.7147937411095306
1.0	0.5561704482567792	0.7147937411095306
1.0	0.5561704482567792	0.7147937411095306
1.0	0.5561704482567792	0.7147937411095306
1.0	0.5561704482567792	0.7147937411095306
1.0	0.5561704482567792	0.7147937411095306
1.0	0.5561704482567792	0.7147937411095306
1.0	0.5561704482567792	0.7147937411095306
1.0	0.5561704482567792	0.7147937411095306
1.0	0.5561704482567792	0.7147937411095306
1.0	0.5561704482567792	0.7147937411095306
1.0	0.5561704482567792	0.7147937411095306
1.0	0.5561704482567792	0.7147937411095306
1.0	0.5561704482567792	0.7147937411095306
1.0	0.5561704482567792	0.7147937411095306
1.0	0.5561704482567792	0.7147937411095306
1.0	0.5561704482567792	0.7147937411095306
1.0	0.5561704482567792	0.7147937411095306
1.0	0.5561704482567792	0.7147937411095306
1.0	0.5561704482567792	0.7147937411095306
1.0	0.5561704482567792	0.7147937411095306
1.0	0.5561704482567792	0.7147937411095306
1.0	0.5556170448256779	0.7143365350409107
1.0	0.5556170448256779	0.7143365350409107
1.0	0.5556170448256779	0.7143365350409107
1.0	0.5556170448256779	0.7143365350409107
1.0	0.5556170448256779	0.7143365350409107
1.0	0.5556170448256779	0.7143365350409107
1.0	0.5556170448256779	0.7143365350409107
1.0	0.5556170448256779	0.7143365350409107
1.0	0.5556170448256779	0.7143365350409107
1.0	0.5556170448256779	0.7143365350409107
1.0	0.5556170448256779	0.7143365350409107
1.0	0.5556170448256779	0.7143365350409107
1.0	0.5556170448256779	0.7143365350409107
1.0	0.5556170448256779	0.7143365350409107
1.0	0.5556170448256779	0.7143365350409107
1.0	0.5556170448256779	0.7143365350409107
1.0	0.5556170448256779	0.7143365350409107
1.0	0.5556170448256779	0.7143365350409107
1.0	0.5556170448256779	0.7143365350409107
1.0	0.5556170448256779	0.7143365350409107
1.0	0.5556170448256779	0.7143365350409107
1.0	0.5556170448256779	0.7143365350409107
1.0	0.5556170448256779	0.7143365350409107
1.0	0.5556170448256779	0.7143365350409107
1.0	0.5556170448256779	0.7143365350409107
1.0	0.5556170448256779	0.7143365350409107
1.0	0.5556170448256779	0.7143365350409107
1.0	0.5550636413945766	0.7138790035587188
1.0	0.5550636413945766	0.7138790035587188
1.0	0.5550636413945766	0.7138790035587188
1.0	0.5550636413945766	0.7138790035587188
1.0	0.5550636413945766	0.7138790035587188
1.0	0.5550636413945766	0.7138790035587188
1.0	0.5550636413945766	0.7138790035587188
1.0	0.5550636413945766	0.7138790035587188
1.0	0.5550636413945766	0.7138790035587188
1.0	0.5550636413945766	0.7138790035587188
1.0	0.5550636413945766	0.7138790035587188
1.0	0.5550636413945766	0.7138790035587188
1.0	0.5550636413945766	0.7138790035587188
1.0	0.5556170448256779	0.7143365350409107
1.0	0.5556170448256779	0.7143365350409107
1.0	0.5556170448256779	0.7143365350409107
1.0	0.5556170448256779	0.7143365350409107
1.0	0.5556170448256779	0.7143365350409107
1.0	0.5556170448256779	0.7143365350409107
1.0	0.5556170448256779	0.7143365350409107
1.0	0.5556170448256779	0.7143365350409107
1.0	0.5556170448256779	0.7143365350409107
1.0	0.5556170448256779	0.7143365350409107
1.0	0.5556170448256779	0.7143365350409107
1.0	0.5556170448256779	0.7143365350409107
1.0	0.5556170448256779	0.7143365350409107
1.0	0.5556170448256779	0.7143365350409107
1.0	0.5556170448256779	0.7143365350409107
1.0	0.5556170448256779	0.7143365350409107
1.0	0.5556170448256779	0.7143365350409107
1.0	0.5556170448256779	0.7143365350409107
1.0	0.5556170448256779	0.7143365350409107
1.0	0.5556170448256779	0.7143365350409107
1.0	0.5556170448256779	0.7143365350409107
1.0	0.5556170448256779	0.7143365350409107
1.0	0.5556170448256779	0.7143365350409107
1.0	0.5556170448256779	0.7143365350409107
1.0	0.5556170448256779	0.7143365350409107
1.0	0.5556170448256779	0.7143365350409107
1.0	0.5556170448256779	0.7143365350409107
1.0	0.5550636413945766	0.7138790035587188
1.0	0.5550636413945766	0.7138790035587188
1.0	0.5550636413945766	0.7138790035587188
1.0	0.5550636413945766	0.7138790035587188
1.0	0.5550636413945766	0.7138790035587188
1.0	0.5550636413945766	0.7138790035587188
1.0	0.5550636413945766	0.7138790035587188
1.0	0.5550636413945766	0.7138790035587188
1.0	0.5550636413945766	0.7138790035587188
1.0	0.5550636413945766	0.7138790035587188
1.0	0.5550636413945766	0.7138790035587188
1.0	0.5550636413945766	0.7138790035587188
1.0	0.5550636413945766	0.7138790035587188
1.0	0.5550636413945766	0.7138790035587188
1.0	0.5550636413945766	0.7138790035587188
1.0	0.5550636413945766	0.7138790035587188
1.0	0.5550636413945766	0.7138790035587188
1.0	0.5550636413945766	0.7138790035587188
1.0	0.5550636413945766	0.7138790035587188
1.0	0.5550636413945766	0.7138790035587188
1.0	0.5550636413945766	0.7138790035587188
1.0	0.5550636413945766	0.7138790035587188
1.0	0.5550636413945766	0.7138790035587188
1.0	0.5550636413945766	0.7138790035587188
1.0	0.5550636413945766	0.7138790035587188
1.0	0.5550636413945766	0.7138790035587188
1.0	0.5550636413945766	0.7138790035587188
1.0	0.5550636413945766	0.7138790035587188
1.0	0.5550636413945766	0.7138790035587188
1.0	0.5550636413945766	0.7138790035587188
1.0	0.5550636413945766	0.7138790035587188
1.0	0.5550636413945766	0.7138790035587188
1.0	0.5550636413945766	0.7138790035587188
1.0	0.5550636413945766	0.7138790035587188
1.0	0.5550636413945766	0.7138790035587188
1.0	0.5550636413945766	0.7138790035587188
1.0	0.5550636413945766	0.7138790035587188
1.0	0.5550636413945766	0.7138790035587188
1.0	0.5550636413945766	0.7138790035587188
1.0	0.5556170448256779	0.7143365350409107
1.0	0.5556170448256779	0.7143365350409107
1.0	0.5556170448256779	0.7143365350409107
1.0	0.5556170448256779	0.7143365350409107
1.0	0.5556170448256779	0.7143365350409107
1.0	0.5556170448256779	0.7143365350409107
1.0	0.5556170448256779	0.7143365350409107
1.0	0.5556170448256779	0.7143365350409107
1.0	0.5556170448256779	0.7143365350409107
1.0	0.5556170448256779	0.7143365350409107
1.0	0.5556170448256779	0.7143365350409107
1.0	0.5556170448256779	0.7143365350409107
1.0	0.5561704482567792	0.7147937411095306
1.0	0.5561704482567792	0.7147937411095306
1.0	0.5561704482567792	0.7147937411095306
1.0	0.5561704482567792	0.7147937411095306
1.0	0.5561704482567792	0.7147937411095306
1.0	0.5561704482567792	0.7147937411095306
1.0	0.5561704482567792	0.7147937411095306
1.0	0.5561704482567792	0.7147937411095306
1.0	0.5561704482567792	0.7147937411095306
1.0	0.5561704482567792	0.7147937411095306
1.0	0.5561704482567792	0.7147937411095306
1.0	0.5561704482567792	0.7147937411095306
1.0	0.5561704482567792	0.7147937411095306
1.0	0.5561704482567792	0.7147937411095306
1.0	0.5561704482567792	0.7147937411095306
1.0	0.5561704482567792	0.7147937411095306
1.0	0.5561704482567792	0.7147937411095306
1.0	0.5561704482567792	0.7147937411095306
1.0	0.5561704482567792	0.7147937411095306
1.0	0.5561704482567792	0.7147937411095306
1.0	0.5561704482567792	0.7147937411095306
1.0	0.5561704482567792	0.7147937411095306
1.0	0.5561704482567792	0.7147937411095306
1.0	0.5561704482567792	0.7147937411095306
1.0	0.5561704482567792	0.7147937411095306
1.0	0.5561704482567792	0.7147937411095306
1.0	0.5561704482567792	0.7147937411095306
1.0	0.5561704482567792	0.7147937411095306
1.0	0.5561704482567792	0.7147937411095306
1.0	0.5561704482567792	0.7147937411095306
1.0	0.5567238516878804	0.7152506221116245
1.0	0.5567238516878804	0.7152506221116245
1.0	0.5567238516878804	0.7152506221116245
1.0	0.5567238516878804	0.7152506221116245
1.0	0.5567238516878804	0.7152506221116245
1.0	0.5567238516878804	0.7152506221116245
1.0	0.5567238516878804	0.7152506221116245
1.0	0.5567238516878804	0.7152506221116245
1.0	0.5567238516878804	0.7152506221116245
1.0	0.5567238516878804	0.7152506221116245
1.0	0.5567238516878804	0.7152506221116245
1.0	0.5567238516878804	0.7152506221116245
1.0	0.5567238516878804	0.7152506221116245
1.0	0.5567238516878804	0.7152506221116245
1.0	0.5567238516878804	0.7152506221116245
1.0	0.5561704482567792	0.7147937411095306
1.0	0.5561704482567792	0.7147937411095306
1.0	0.5556170448256779	0.7143365350409107
1.0	0.5556170448256779	0.7143365350409107
1.0	0.5561704482567792	0.7147937411095306
1.0	0.5561704482567792	0.7147937411095306
1.0	0.5561704482567792	0.7147937411095306
1.0	0.5561704482567792	0.7147937411095306
1.0	0.5561704482567792	0.7147937411095306
1.0	0.5561704482567792	0.7147937411095306
1.0	0.5561704482567792	0.7147937411095306
1.0	0.5561704482567792	0.7147937411095306
1.0	0.5561704482567792	0.7147937411095306
1.0	0.5561704482567792	0.7147937411095306
1.0	0.5561704482567792	0.7147937411095306
1.0	0.5561704482567792	0.7147937411095306
1.0	0.5561704482567792	0.7147937411095306
1.0	0.5561704482567792	0.7147937411095306
1.0	0.5561704482567792	0.7147937411095306
1.0	0.5561704482567792	0.7147937411095306
1.0	0.5561704482567792	0.7147937411095306
1.0	0.5561704482567792	0.7147937411095306
1.0	0.5561704482567792	0.7147937411095306
1.0	0.5561704482567792	0.7147937411095306
1.0	0.5561704482567792	0.7147937411095306
1.0	0.5561704482567792	0.7147937411095306
1.0	0.5561704482567792	0.7147937411095306
1.0	0.5561704482567792	0.7147937411095306
1.0	0.5561704482567792	0.7147937411095306
1.0	0.5561704482567792	0.7147937411095306
1.0	0.5561704482567792	0.7147937411095306
1.0	0.5561704482567792	0.7147937411095306
1.0	0.5561704482567792	0.7147937411095306
1.0	0.5561704482567792	0.7147937411095306
1.0	0.5561704482567792	0.7147937411095306
1.0	0.5561704482567792	0.7147937411095306
1.0	0.5556170448256779	0.7143365350409107
1.0	0.5556170448256779	0.7143365350409107
1.0	0.5556170448256779	0.7143365350409107
1.0	0.5561704482567792	0.7147937411095306
1.0	0.5561704482567792	0.7147937411095306
1.0	0.5561704482567792	0.7147937411095306
1.0	0.5561704482567792	0.7147937411095306
1.0	0.5561704482567792	0.7147937411095306
1.0	0.5561704482567792	0.7147937411095306
1.0	0.5561704482567792	0.7147937411095306
1.0	0.5561704482567792	0.7147937411095306
1.0	0.5561704482567792	0.7147937411095306
1.0	0.5561704482567792	0.7147937411095306
1.0	0.5561704482567792	0.7147937411095306
1.0	0.5561704482567792	0.7147937411095306
1.0	0.5561704482567792	0.7147937411095306
1.0	0.5556170448256779	0.7143365350409107
1.0	0.5556170448256779	0.7143365350409107
1.0	0.5556170448256779	0.7143365350409107
1.0	0.5556170448256779	0.7143365350409107
1.0	0.5556170448256779	0.7143365350409107
1.0	0.5556170448256779	0.7143365350409107
1.0	0.5556170448256779	0.7143365350409107
1.0	0.5556170448256779	0.7143365350409107
1.0	0.5556170448256779	0.7143365350409107
1.0	0.5556170448256779	0.7143365350409107
1.0	0.5556170448256779	0.7143365350409107
1.0	0.5550636413945766	0.7138790035587188
1.0	0.5550636413945766	0.7138790035587188
1.0	0.5550636413945766	0.7138790035587188
1.0	0.5550636413945766	0.7138790035587188
1.0	0.5550636413945766	0.7138790035587188
1.0	0.5550636413945766	0.7138790035587188
1.0	0.5550636413945766	0.7138790035587188
1.0	0.5550636413945766	0.7138790035587188
1.0	0.5550636413945766	0.7138790035587188
1.0	0.5550636413945766	0.7138790035587188
1.0	0.5550636413945766	0.7138790035587188
1.0	0.5550636413945766	0.7138790035587188
1.0	0.5550636413945766	0.7138790035587188
1.0	0.5550636413945766	0.7138790035587188
1.0	0.5545102379634754	0.7134211463154148
1.0	0.5545102379634754	0.7134211463154148
1.0	0.5545102379634754	0.7134211463154148
1.0	0.5545102379634754	0.7134211463154148
1.0	0.5545102379634754	0.7134211463154148
1.0	0.5545102379634754	0.7134211463154148
1.0	0.5545102379634754	0.7134211463154148
1.0	0.5545102379634754	0.7134211463154148
1.0	0.5545102379634754	0.7134211463154148
1.0	0.5545102379634754	0.7134211463154148
1.0	0.5545102379634754	0.7134211463154148
1.0	0.5545102379634754	0.7134211463154148
1.0	0.5545102379634754	0.7134211463154148
1.0	0.5545102379634754	0.7134211463154148
1.0	0.5550636413945766	0.7138790035587188
1.0	0.5550636413945766	0.7138790035587188
1.0	0.5550636413945766	0.7138790035587188
1.0	0.5550636413945766	0.7138790035587188
1.0	0.5550636413945766	0.7138790035587188
1.0	0.5550636413945766	0.7138790035587188
1.0	0.5550636413945766	0.7138790035587188
1.0	0.5550636413945766	0.7138790035587188
1.0	0.5550636413945766	0.7138790035587188
1.0	0.5550636413945766	0.7138790035587188
1.0	0.5550636413945766	0.7138790035587188
1.0	0.5550636413945766	0.7138790035587188
1.0	0.5550636413945766	0.7138790035587188
1.0	0.5550636413945766	0.7138790035587188
1.0	0.5550636413945766	0.7138790035587188
1.0	0.5550636413945766	0.7138790035587188
1.0	0.5550636413945766	0.7138790035587188
1.0	0.5550636413945766	0.7138790035587188
1.0	0.5550636413945766	0.7138790035587188
1.0	0.5550636413945766	0.7138790035587188
1.0	0.5550636413945766	0.7138790035587188
1.0	0.5550636413945766	0.7138790035587188
1.0	0.5550636413945766	0.7138790035587188
1.0	0.5550636413945766	0.7138790035587188
1.0	0.5550636413945766	0.7138790035587188
1.0	0.5550636413945766	0.7138790035587188
1.0	0.5550636413945766	0.7138790035587188
1.0	0.5550636413945766	0.7138790035587188
1.0	0.5550636413945766	0.7138790035587188
1.0	0.5550636413945766	0.7138790035587188
1.0	0.5550636413945766	0.7138790035587188
1.0	0.5550636413945766	0.7138790035587188
1.0	0.5550636413945766	0.7138790035587188
1.0	0.5550636413945766	0.7138790035587188
1.0	0.5550636413945766	0.7138790035587188
1.0	0.5550636413945766	0.7138790035587188
1.0	0.5550636413945766	0.7138790035587188
1.0	0.5550636413945766	0.7138790035587188
1.0	0.5550636413945766	0.7138790035587188
1.0	0.5550636413945766	0.7138790035587188
1.0	0.5550636413945766	0.7138790035587188
1.0	0.5550636413945766	0.7138790035587188
1.0	0.5545102379634754	0.7134211463154148
1.0	0.5545102379634754	0.7134211463154148
1.0	0.5545102379634754	0.7134211463154148
1.0	0.5545102379634754	0.7134211463154148
1.0	0.5545102379634754	0.7134211463154148
1.0	0.5545102379634754	0.7134211463154148
1.0	0.5545102379634754	0.7134211463154148
1.0	0.5545102379634754	0.7134211463154148
1.0	0.5545102379634754	0.7134211463154148
1.0	0.5545102379634754	0.7134211463154148
1.0	0.5545102379634754	0.7134211463154148
1.0	0.5545102379634754	0.7134211463154148
1.0	0.5545102379634754	0.7134211463154148
1.0	0.5539568345323741	0.7129629629629629
1.0	0.5539568345323741	0.7129629629629629
1.0	0.5539568345323741	0.7129629629629629
1.0	0.5539568345323741	0.7129629629629629
1.0	0.5539568345323741	0.7129629629629629
1.0	0.5539568345323741	0.7129629629629629
1.0	0.5539568345323741	0.7129629629629629
1.0	0.5539568345323741	0.7129629629629629
1.0	0.5539568345323741	0.7129629629629629
1.0	0.5539568345323741	0.7129629629629629
1.0	0.5539568345323741	0.7129629629629629
1.0	0.5539568345323741	0.7129629629629629
1.0	0.5534034311012729	0.7125044531528323
1.0	0.5534034311012729	0.7125044531528323
1.0	0.5534034311012729	0.7125044531528323
1.0	0.5534034311012729	0.7125044531528323
1.0	0.5534034311012729	0.7125044531528323
1.0	0.5534034311012729	0.7125044531528323
1.0	0.5534034311012729	0.7125044531528323
1.0	0.5534034311012729	0.7125044531528323
1.0	0.5522966242390703	0.7115864527629234
1.0	0.5522966242390703	0.7115864527629234
1.0	0.5522966242390703	0.7115864527629234
1.0	0.5522966242390703	0.7115864527629234
1.0	0.5522966242390703	0.7115864527629234
1.0	0.5522966242390703	0.7115864527629234
1.0	0.5522966242390703	0.7115864527629234
1.0	0.5528500276701716	0.7120456165359943
1.0	0.5528500276701716	0.7120456165359943
1.0	0.5528500276701716	0.7120456165359943
1.0	0.5528500276701716	0.7120456165359943
1.0	0.5528500276701716	0.7120456165359943
1.0	0.5528500276701716	0.7120456165359943
1.0	0.5528500276701716	0.7120456165359943
1.0	0.5528500276701716	0.7120456165359943
1.0	0.5528500276701716	0.7120456165359943
1.0	0.5528500276701716	0.7120456165359943
1.0	0.5528500276701716	0.7120456165359943
1.0	0.5528500276701716	0.7120456165359943
1.0	0.5528500276701716	0.7120456165359943
1.0	0.5528500276701716	0.7120456165359943
1.0	0.5528500276701716	0.7120456165359943
1.0	0.5528500276701716	0.7120456165359943
1.0	0.5528500276701716	0.7120456165359943
1.0	0.5528500276701716	0.7120456165359943
1.0	0.5528500276701716	0.7120456165359943
1.0	0.5528500276701716	0.7120456165359943
1.0	0.5528500276701716	0.7120456165359943
1.0	0.5528500276701716	0.7120456165359943
1.0	0.5528500276701716	0.7120456165359943
1.0	0.5528500276701716	0.7120456165359943
1.0	0.5528500276701716	0.7120456165359943
1.0	0.5528500276701716	0.7120456165359943
1.0	0.5528500276701716	0.7120456165359943
1.0	0.5528500276701716	0.7120456165359943
1.0	0.5528500276701716	0.7120456165359943
1.0	0.5528500276701716	0.7120456165359943
1.0	0.5528500276701716	0.7120456165359943
1.0	0.5528500276701716	0.7120456165359943
1.0	0.5528500276701716	0.7120456165359943
1.0	0.5528500276701716	0.7120456165359943
1.0	0.5528500276701716	0.7120456165359943
1.0	0.5534034311012729	0.7125044531528323
1.0	0.5534034311012729	0.7125044531528323
1.0	0.5534034311012729	0.7125044531528323
1.0	0.5534034311012729	0.7125044531528323
1.0	0.5534034311012729	0.7125044531528323
1.0	0.5534034311012729	0.7125044531528323
1.0	0.5528500276701716	0.7120456165359943
1.0	0.5522966242390703	0.7115864527629234
1.0	0.5522966242390703	0.7115864527629234
1.0	0.5522966242390703	0.7115864527629234
1.0	0.5522966242390703	0.7115864527629234
1.0	0.5522966242390703	0.7115864527629234
1.0	0.5522966242390703	0.7115864527629234
1.0	0.5522966242390703	0.7115864527629234
1.0	0.5522966242390703	0.7115864527629234
1.0	0.5522966242390703	0.7115864527629234
1.0	0.5522966242390703	0.7115864527629234
1.0	0.5522966242390703	0.7115864527629234
1.0	0.5522966242390703	0.7115864527629234
1.0	0.5522966242390703	0.7115864527629234
1.0	0.5522966242390703	0.7115864527629234
1.0	0.5522966242390703	0.7115864527629234
1.0	0.5522966242390703	0.7115864527629234
1.0	0.5522966242390703	0.7115864527629234
1.0	0.5522966242390703	0.7115864527629234
1.0	0.5522966242390703	0.7115864527629234
1.0	0.5522966242390703	0.7115864527629234
1.0	0.5522966242390703	0.7115864527629234
1.0	0.5522966242390703	0.7115864527629234
1.0	0.5522966242390703	0.7115864527629234
1.0	0.5522966242390703	0.7115864527629234
1.0	0.5522966242390703	0.7115864527629234
1.0	0.5522966242390703	0.7115864527629234
1.0	0.5522966242390703	0.7115864527629234
1.0	0.5522966242390703	0.7115864527629234
1.0	0.5522966242390703	0.7115864527629234
1.0	0.5522966242390703	0.7115864527629234
1.0	0.5522966242390703	0.7115864527629234
1.0	0.551743220807969	0.7111269614835949
1.0	0.551743220807969	0.7111269614835949
1.0	0.551743220807969	0.7111269614835949
1.0	0.551743220807969	0.7111269614835949
1.0	0.551743220807969	0.7111269614835949
1.0	0.551743220807969	0.7111269614835949
