0.08742419
0.08463354
0.084633544
0.08195019
0.0793784
0.0769217
0.07458322
0.072364844
0.07026801
0.06829268
0.06643918
0.06470641
0.063092336
0.061593797
0.06020664
0.058926396
0.057748843
0.05666772
0.0556787
0.054775994
0.05395367
0.05320553
0.052526567
0.051911235
0.051354326
0.050850958
0.05039617
0.049984384
0.049611446
0.049273822
0.048968036
0.048691493
0.048440523
0.048212916
0.048005834
0.047816824
0.047644097
0.047485817
0.04734027
0.047206227
0.047082394
0.046967514
0.046860684
0.04676117
0.046668164
0.046580784
0.046498444
0.046420645
0.046346832
0.04627625
0.046208754
0.046143986
0.04608174
0.04602172
0.045963787
0.04590775
0.045853402
0.045800574
0.045749072
0.04569872
0.045649357
0.045601007
0.04555361
0.045507103
0.045461442
0.04541645
0.04537207
0.045328308
0.04528513
0.045242537
0.045200456
0.04515886
0.045117762
0.045077074
0.04503678
0.044996906
0.044957396
0.04491826
0.04487951
0.044841044
0.044802915
0.044765096
0.044727582
0.04469036
0.044653405
0.044616647
0.044580188
0.044544023
0.044508096
0.044472177
0.044436388
0.044400845
0.044365544
0.044330608
0.044295963
0.044261593
0.04422749
0.044193637
0.044160146
0.04412694
0.044093955
0.044061225
0.044028714
0.043996416
0.043964226
0.043932244
0.043900363
0.043868784
0.04383748
0.043806374
0.043775495
0.04374486
0.043714385
0.043684036
0.043653745
0.043623578
0.043593578
0.043563705
0.043534108
0.043504674
0.043475483
0.043446366
0.043417502
0.043388803
0.043360256
0.043331914
0.04330379
0.04327588
0.043248247
0.04322077
0.043193433
0.043166123
0.043138906
0.043111887
0.043084946
0.043057967
0.043031152
0.043004595
0.042978156
0.04295187
0.04292569
0.04289958
0.042873587
0.04284783
0.04282222
0.042796634
0.042771205
0.04274586
0.042720705
0.042695686
0.042670537
0.04264538
0.042620342
0.042595554
0.042571057
0.04254665
0.042522337
0.04249812
0.042473905
0.042449776
0.04242571
0.04240175
0.042377893
0.042354137
0.04233047
0.042306833
0.042283203
0.042259652
0.042236086
0.04221245
0.04218884
0.04216534
0.04214178
0.04211822
0.042094618
0.042071056
0.04204752
0.042023975
0.042000357
0.041976776
0.041953247
0.041929707
0.041906223
0.041882645
0.041858997
0.041835386
0.041811716
0.041787904
0.041763913
0.0417399
0.041715916
0.04169209
0.041668054
0.041643996
0.04162
0.041596074
0.041572448
0.04154875
0.041525092
0.04150141
0.041477613
0.04145381
0.041430034
0.04140623
0.04138241
0.041358553
0.04133461
0.041310746
0.0412869
0.04126302
0.04123912
0.041215155
0.0411911
0.041166995
0.04114275
0.041118324
0.04109375
0.04106911
0.041044373
0.041019574
0.040994637
0.040969692
0.040944688
0.040919635
0.04089445
0.04086917
0.040843792
0.040818237
0.04079261
0.040766764
0.04074094
0.040715024
0.040689196
0.040663484
0.04063783
0.04061205
0.040586222
0.04056042
0.040534526
0.04050852
0.04048234
0.040455777
0.040429033
0.040402133
0.040375113
0.040347993
0.040320806
0.040293496
0.040266074
0.040238526
0.040210944
0.04018331
0.04015552
0.040127564
0.04009932
0.04007092
0.040042344
0.040013548
0.03998457
0.039955515
0.03992637
0.039897017
0.039867412
0.039837766
0.039808054
0.03977816
0.039748024
0.03971763
0.039687004
0.03965618
0.0396251
0.039593764
0.039562173
0.039530344
0.039498277
0.03946597
0.039433323
0.039400414
0.03936724
0.03933378
0.039300043
0.039265987
0.039231688
0.03919715
0.03916227
0.0391271
0.039091717
0.03905605
0.0390202
0.03898405
0.03894753
0.038910676
0.038873613
0.038836215
0.038798492
0.03876045
0.03872198
0.038683187
0.038644124
0.038604856
0.038565263
0.038525324
0.038484897
0.03844397
0.038402636
0.03836092
0.03831883
0.038276467
0.03823363
0.03819039
0.03814676
0.0381028
0.038058404
0.03801361
0.0379685
0.037922993
0.03787709
0.03783079
0.03778413
0.037737045
0.037689466
0.03764142
0.037592918
0.037543956
0.037494462
0.0374445
0.037394114
0.037343297
0.037292004
0.037240226
0.037187986
0.03713533
0.037082337
0.03702879
0.03697471
0.036920033
0.03686476
0.036808766
0.036752313
0.03669536
0.036637884
0.036579844
0.03652129
0.03646222
0.03640254
0.036342286
0.036281433
0.03621999
0.03615796
0.036095317
0.036032055
0.035968114
0.035903543
0.035838287
0.035772312
0.035705503
0.035637975
0.03556988
0.035501096
0.03543168
0.035361577
0.035290837
0.035219483
0.03514752
0.035074886
0.035001636
0.034927648
0.03485295
0.034777626
0.03470161
0.03462497
0.034547616
0.034469508
0.03439062
0.034310915
0.034230534
0.034149427
0.034067526
0.033985056
0.033901863
0.03381794
0.03373337
0.03364808
0.03356204
0.033475216
0.033387568
0.03329913
0.033209924
0.03312007
0.03302941
0.03293795
0.032845665
0.032752655
0.03265913
0.032564785
0.032469604
0.032373488
0.03227654
0.032178722
0.032080192
0.031980887
0.031880952
0.031780384
0.03167923
0.031577345
0.031474706
0.031371236
0.031266976
0.0311619
0.031055965
0.030949192
0.030841658
0.030733325
0.030624155
0.030514099
0.030403227
0.03029168
0.030179381
0.030066337
0.029952556
0.029838055
0.029722895
0.029607002
0.029490288
0.029372782
0.029254556
0.029135963
0.029016806
0.028897086
0.028776927
0.028656082
0.028534519
0.02841219
0.028289312
0.02816583
0.028041817
0.027917134
0.027791977
0.02766661
0.027540684
0.027414078
0.027286753
0.027158843
0.027030328
0.026901215
0.026771469
0.026641134
0.026510209
0.026378768
0.026247034
0.026115172
0.02598297
0.025850425
0.025717562
0.02558438
0.025450865
0.025317121
0.025183134
0.025048586
0.024913626
0.024778336
0.02464267
0.024506355
0.024369786
0.024232889
0.024095539
0.023957813
0.023819849
0.023681883
0.023543926
0.023405585
0.023267278
0.023128912
0.022990564
0.022852495
0.022714356
0.02257606
0.022437828
0.02229943
0.022161173
0.022023149
0.02188506
0.021747109
0.021609366
0.021471905
0.021334428
0.02119698
0.021059634
0.020922437
0.020785326
0.020648409
0.020511659
0.020375174
0.020238796
0.020102534
0.019966358
0.019830788
0.019695915
0.01956127
0.019427005
0.019293124
0.019159535
0.019026259
0.018893791
0.018761886
0.018630175
0.018498812
0.018367998
0.01823781
0.018107982
0.017978633
0.017849684
0.017721096
0.017592825
0.017465021
0.017337825
0.017211158
0.017085016
0.016959548
0.016834952
0.016710991
0.016587775
0.016465653
0.016344236
0.016223455
0.016103286
0.015984127
0.01586553
0.015747614
0.015630323
0.015513793
0.0153978765
0.015282586
0.015168169
0.01505463
0.014941626
0.0148293795
0.014717964
0.014607436
0.0144978035
0.014389162
0.014281358
0.014174331
0.014068022
0.013962486
0.01385772
0.013753663
0.013650336
0.013547706
0.013445869
0.013345079
0.01324503
0.013145705
0.013047139
0.012949431
0.012852676
0.012756604
0.012661315
0.0125667425
0.012472888
0.012379652
0.012287298
0.012195814
0.012105345
0.012016063
0.011927685
0.01184
0.011753045
0.011666728
0.01158101
0.011496001
0.011411762
0.011328333
0.01124561
0.01116373
0.011082723
0.011002447
0.010922958
0.010844184
0.010766112
0.010688724
0.010612001
0.010536014
0.010460661
0.010385995
0.01031204
0.010238896
0.010166821
0.010095389
0.010024442
0.0099541135
0.009884614
0.009815808
0.009747626
0.009680173
0.009613628
0.009547749
0.00948252
0.009417921
0.009353909
0.009290488
0.009227655
0.009165611
0.009104205
0.009043438
0.008983275
0.008923804
0.008865011
0.008806825
0.008749271
0.00869233
0.008635958
0.008580306
0.0085251825
0.008470565
0.008416448
0.008362818
0.008309735
0.008257246
0.008205262
0.008153757
0.008102662
0.008052055
0.008001909
0.007952286
0.007903167
0.007854525
0.0078063253
0.007758567
0.0077112624
0.007664396
0.007617953
0.00757193
0.007526388
0.0074813054
0.007436653
0.007392463
0.007348723
0.007305442
0.0072625596
0.007220106
0.007178161
0.007136783
0.007095837
0.0070552654
0.0070151025
0.0069752815
0.006935857
0.006896911
0.006858359
0.0068201395
0.006782251
0.0067447186
0.006707518
0.006670472
0.0066337595
0.0065973666
0.006561286
0.0065255505
0.0064902524
0.0064552785
0.0064206473
0.0063863643
0.006352364
0.0063186507
0.0062852004
0.006252021
0.0062191305
0.006186503
0.006154161
0.0061220997
0.0060903323
0.0060589886
0.0060278834
0.005996987
0.0059662214
0.0059357067
0.0059054466
0.0058753733
0.0058453837
0.005815568
0.0057859863
0.0057567144
0.005727554
0.005698474
0.005669663
0.0056412276
0.005612997
0.0055849534
0.0055571035
0.0055294503
0.005502066
0.005474874
0.005447858
0.005421066
0.005394526
0.0053682113
0.0053420668
0.0053161257
0.005290337
0.005264698
0.0052392026
0.0052138553
0.005188643
0.0051635597
0.00513861
0.0051137847
0.0050891107
0.0050646514
0.005040344
0.0050163404
0.004992475
0.0049687354
0.004945068
0.004921529
0.0048981295
0.004874877
0.004851787
0.0048288205
0.004805963
0.0047833193
0.004760855
0.004738512
0.0047162855
0.004694176
0.004672187
0.004650312
0.0046285517
0.00460691
0.004585376
0.0045639523
0.0045426376
0.004521458
0.004500378
0.004479402
0.0044585224
0.0044377563
0.0044171656
0.0043967594
0.0043763933
0.0043561966
0.00433618
0.004316356
0.00429664
0.0042770123
0.0042574825
0.0042380407
0.004218648
0.004199283
0.0041799997
0.0041607986
0.0041417168
0.0041227615
0.0041038836
0.0040850774
0.004066357
0.00404773
0.004029185
0.0040107137
0.003992369
0.0039742333
0.003956309
0.0039384575
0.003920685
0.0039029962
0.0038853777
0.0038678192
0.0038503339
0.003832941
0.003815639
0.0037984091
0.0037812376
0.0037641164
0.0037470676
0.0037300852
0.0037131715
0.003696327
0.0036795603
0.003662866
0.0036462492
0.0036297345
0.0036133463
0.0035970265
0.003580776
0.0035645978
0.0035484827
0.003532434
0.0035164638
0.0035006201
0.0034848389
0.0034691205
0.003453462
0.0034378658
0.0034223492
0.0034069337
0.0033915835
0.0033762993
0.0033610838
0.00334593
0.0033308922
0.0033160036
0.0033011872
0.0032864322
0.0032717402
0.0032571058
0.0032425316
0.003228003
0.0032135325
0.0031991152
0.003184765
0.0031704719
0.0031562094
0.003142005
0.0031278573
0.0031137543
0.0030996886
0.0030856836
0.0030717358
0.0030578463
0.0030440125
0.003030237
0.0030165168
0.0030028534
0.00298925
0.0029757048
0.00296219
0.0029487265
0.0029353043
0.0029219459
0.0029086485
0.0028954106
0.0028822294
0.0028691173
0.0028561042
0.0028431534
0.0028302623
0.0028174291
0.0028046535
0.0027919828
0.0027794293
0.00276693
0.0027544782
0.0027420605
0.0027296979
0.0027173914
0.0027051421
0.0026929548
0.0026808216
0.0026687395
0.0026567124
0.0026447384
0.0026328294
0.0026209934
0.0026092378
0.0025975343
0.0025858844
0.0025742906
0.002562749
0.0025512576
0.0025398193
0.0025284337
0.0025171
0.00250582
0.0024945803
0.0024833577
0.0024721846
0.002461062
0.002449992
0.0024389573
0.0024279573
0.0024170026
0.0024061012
0.0023953128
0.0023847215
0.0023742002
0.0023637258
0.0023532992
0.0023429224
0.0023326057
0.0023223371
0.0023121175
0.0023019456
0.002291824
0.0022817752
0.0022717856
0.0022618454
0.0022519506
0.0022421095
0.0022323113
0.0022225622
0.0022128571
0.0022032682
0.0021938365
0.0021844592
0.0021751116
0.0021657376
0.0021564139
0.0021471328
0.0021378968
0.0021287051
0.002119557
0.00211045
0.002101366
0.0020923018
0.002083278
0.0020743012
0.002065374
0.002056491
0.0020476521
0.0020388556
0.0020301037
0.0020213984
0.0020127387
0.0020041275
0.0019955595
0.0019870445
0.001978612
0.001970222
0.0019618745
0.0019535683
0.0019453058
0.0019370837
0.0019288866
0.0019206771
0.0019125158
0.0019044043
0.001896335
0.0018883065
0.001880319
0.0018723732
0.0018644697
0.0018566048
0.0018487786
0.0018409925
0.0018332468
0.0018255452
0.0018178844
0.0018102616
0.0018026643
0.0017951042
0.001787583
0.0017801111
0.0017726767
0.0017652807
0.001757925
0.0017506067
0.001743327
0.0017360857
0.0017288817
0.0017217164
0.0017145879
0.0017074986
0.0017004545
0.0016934446
0.0016864726
0.001679536
0.0016726359
0.0016657722
0.0016589428
0.0016521486
0.0016453917
0.0016386695
0.0016319847
0.0016253466
0.0016187441
0.0016121836
0.0016057267
0.0015993015
0.001592911
0.0015865561
0.0015802361
0.0015739497
0.0015676984
0.0015614787
0.0015553383
0.0015492411
0.0015431736
0.0015371392
0.0015311347
0.0015251634
0.0015192216
0.0015133092
0.0015074313
0.0015015848
0.0014957696
0.0014899832
0.0014842361
0.0014785393
0.0014728659
0.0014671956
0.001461554
0.0014559433
0.0014503616
0.0014448068
0.0014392816
0.0014337848
0.0014283159
0.0014228761
0.0014174625
0.0014120784
0.0014067212
0.0014013901
0.0013960891
0.0013908157
0.0013855698
0.0013803504
0.0013751579
0.0013699939
0.0013648557
0.0013597459
0.0013546646
0.0013496103
0.001344587
0.0013395972
0.001334633
0.0013296937
0.0013247698
0.0013198685
0.0013149808
0.0013101188
0.0013052821
0.0013004718
0.0012956894
0.0012909349
0.0012862039
0.0012815004
0.0012768251
0.0012721757
0.0012675512
0.001262949
0.0012583692
0.0012538137
0.0012492812
0.0012447711
0.0012402922
0.0012358365
0.0012314023
0.0012269901
0.001222601
0.0012182335
0.0012138876
0.001209565
0.0012052626
0.0012009824
0.001196724
0.001192487
0.0011882712
0.0011840876
0.0011799724
0.0011758802
0.0011718089
0.001167759
0.0011637314
0.001159724
0.0011557365
0.0011517681
0.0011478195
0.0011438915
0.0011399826
0.0011360943
0.0011322246
0.0011283811
0.0011245578
0.0011207546
0.00111697
0.0011132016
0.0011094554
0.0011057281
0.0011020193
0.0010983298
0.0010946553
0.0010909985
0.0010873612
0.0010837404
0.0010801366
0.0010765515
0.0010729852
0.0010694354
0.0010659038
0.0010623962
0.0010589133
0.0010554465
0.0010519972
0.0010485639
0.0010451477
0.0010417475
0.0010383616
0.0010349932
0.0010316394
0.0010283019
0.0010249801
0.0010216716
0.0010183814
0.0010151048
0.0010118437
0.0010086005
0.0010053721
0.0010021619
0.0009989653
0.0009957843
0.0009926178
0.0009894663
0.0009863287
0.0009832069
0.0009801004
0.0009770157
0.00097394444
0.00097088807
0.00096784584
0.0009648169
0.00096180476
0.0009588051
0.0009558218
0.00095285085
0.0009498942
0.00094695267
0.00094402686
0.0009411134
0.0009382117
0.00093532697
0.00093245396
0.0009295982
0.0009267556
0.0009239257
0.0009211096
0.0009183053
0.00091551535
0.0009127372
0.00090997305
0.00090721966
0.00090447895
0.0009017532
0.00089904503
0.0008963489
0.0008936667
0.00089099497
0.0008883358
0.000885689
0.0008830532
0.00088042975
0.0008778189
0.0008752185
0.0008726324
0.00087006006
0.0008675048
0.00086495944
0.0008624259
0.00085990486
0.0008573946
0.0008548938
0.0008524058
0.0008499264
0.0008474735
0.00084502925
0.00084259576
0.0008401731
0.00083776104
0.0008353589
0.00083296857
0.00083058886
0.00082821754
0.0008258577
0.0008235076
0.0008211701
0.0008188401
0.00081652193
0.0008142129
0.000811914
0.0008096246
0.0008073427
0.0008050703
0.0008028089
0.00080055604
0.0007983126
0.00079608045
0.0007938568
0.0007916417
0.0007894368
0.0007872405
0.000785053
0.0007828763
0.0007807105
0.0007785524
0.00077640376
0.00077426556
0.00077213714
0.0007700193
0.0007679101
0.00076581025
0.00076372
0.000761637
0.0007595637
0.0007575011
0.00075545115
0.0007534114
0.00075137854
0.0007493542
0.0007473395
0.0007453333
0.00074333494
0.00074134563
0.000739364
0.0007373938
0.0007354335
0.0007334794
0.000731533
0.00072959636
0.000727666
0.0007257427
0.00072382984
0.00072192383
0.0007200243
0.00071813294
0.0007162475
0.000714371
0.0007125029
0.00071064197
0.00070879003
0.0007069436
0.0007051058
0.0007032753
0.0007014519
0.00069963664
0.0006978277
0.00069602724
0.00069423375
0.00069244753
0.0006906678
0.0006888959
0.00068713
0.00068537344
0.0006836213
0.00068187783
0.0006801405
0.0006784087
0.00067668554
0.0006749701
0.0006732613
0.0006715583
0.0006698641
0.0006681758
0.0006664934
0.0006648175
0.00066315115
0.00066148926
0.000659836
0.000658188
0.00065654604
0.00065491063
0.00065328117
0.0006516596
0.0006500434
0.00064843346
0.00064682984
0.00064523314
0.0006436456
0.00064206315
0.00064048794
0.0006389177
0.0006373542
0.00063579576
0.0006342462
0.00063270197
0.00063116674
0.00062963634
0.0006281115
0.0006265924
0.0006250799
0.0006235733
0.0006220702
0.0006205759
0.0006190851
0.00061760074
0.00061612274
0.00061464874
0.000613181
0.0006117182
0.00061026134
0.0006088104
0.0006073647
0.00060592435
0.0006044873
0.00060305744
0.00060163526
0.00060021656
0.0005988025
0.00059739454
0.00059599226
0.0005945947
0.0005932023
0.00059181394
0.00059043354
0.0005890649
0.0005877009
0.00058634096
0.0005849874
0.00058363803
0.00058229367
0.00058095524
0.0005796201
0.0005782906
0.0005769675
0.0005756461
0.0005743311
0.00057302
0.00057171466
0.00057041325
0.0005691165
0.00056782487
0.0005665392
0.00056525646
0.00056397944
0.0005627067
0.0005614378
0.00056017365
0.0005589118
0.0005576559
0.0005564034
0.0005551567
0.0005539138
0.0005526748
0.0005514409
0.00055021065
0.00054898503
0.0005477641
0.00054654526
0.0005453315
0.0005441224
0.00054291665
0.00054171524
0.0005405179
0.0005393262
0.0005381383
0.00053695316
0.0005357738
0.000534599
0.0005334276
0.00053225906
0.00053109374
0.00052993285
0.0005287765
0.00052762346
0.0005264744
0.0005253322
0.0005241904
0.00052305433
0.0005219222
0.0005207934
0.000519669
0.0005185485
0.0005174324
0.00051631907
0.0005152113
0.0005141052
0.00051300536
0.0005119075
0.000510813
0.00050972257
0.00050863676
0.0005075543
0.0005064767
0.0005054018
0.00050432974
0.00050326297
0.000502198
0.0005011378
0.0005000801
0.00049902865
0.0004979795
0.0004969369
0.0004958964
0.0004948591
0.0004938264
0.0004927957
0.00049176934
0.0004907468
0.00048972655
0.00048871146
0.0004876979
0.0004866891
0.00048568446
0.00048468143
0.0004836828
0.0004826867
0.00048169514
0.00048070573
0.00047972068
0.00047873726
0.0004777571
0.00047678087
0.0004758099
0.00047483915
0.0004738736
0.00047290963
0.00047194833
0.00047099162
0.00047003856
0.00046908754
0.0004681394
0.00046719596
0.00046625428
0.00046531577
0.00046438
0.00046344867
0.00046252026
0.00046159353
0.00046066951
0.00045974998
0.0004588331
0.00045791848
0.00045700642
0.00045609867
0.00045519343
0.00045428984
0.00045339038
0.00045249346
0.00045160064
0.00045070818
0.00044982194
0.0004489366
0.00044805324
0.00044717386
0.00044629743
0.00044542397
0.00044455513
0.00044368632
0.00044282113
0.00044195872
0.00044109946
0.00044024255
0.00043938908
0.0004385389
0.00043768995
0.00043684556
0.000436003
0.00043516353
0.00043432642
0.0004334918
0.0004326609
0.00043183158
0.0004310056
0.00043018133
0.00042936177
0.00042854654
0.0004277337
0.00042692278
0.00042611556
0.00042531124
0.00042450777
0.00042370855
0.00042291492
0.00042212324
0.00042133572
0.00042055087
0.00041976705
0.00041898782
0.00041820807
0.00041743298
0.00041665928
0.0004158881
0.00041511902
0.0004143531
0.00041359002
0.00041282683
0.0004120673
0.0004113097
0.00041055432
0.00040980268
0.00040905148
0.0004083029
0.00040755715
0.00040681357
0.0004060713
0.0004053318
0.00040459554
0.00040385884
0.00040312737
0.00040239692
0.0004016691
0.00040094295
0.00040021972
0.0003994988
0.0003987776
0.00039806098
0.0003973461
0.00039663273
0.00039592304
0.00039521357
0.00039450682
0.0003938029
0.0003930995
0.00039239836
0.00039170135
0.00039100635
0.00039031493
0.00038962433
0.00038893532
0.00038825028
0.00038756625
0.0003868835
0.00038620384
0.00038552633
0.00038484964
0.0003841763
0.00038350458
0.00038283455
0.00038216653
0.0003815012
0.00038083532
0.00038017347
0.0003795124
0.00037885385
0.00037819624
0.00037754173
0.00037688838
0.00037623692
0.00037558802
0.00037494107
0.0003742948
0.00037364982
0.0003730088
0.0003723676
0.00037172914
0.00037109255
0.0003704583
0.0003698239
0.00036919402
0.00036856422
0.00036793633
0.00036730926
0.00036668635
0.00036606326
0.00036544178
0.00036482335
0.00036420606
0.0003635903
0.00036297648
0.00036236437
0.00036175354
0.00036114486
0.00036053685
0.00035993155
0.00035932733
0.00035872418
0.0003581251
0.0003575254
0.00035692888
0.00035633246
0.00035573868
0.00035514755
0.00035455538
0.0003539675
0.00035338025
0.00035279285
0.0003522087
0.00035162704
0.0003510463
0.00035046568
0.00034988803
0.00034931058
0.00034873674
0.00034816354
0.00034759153
0.00034702098
0.00034645278
0.00034588663
0.00034532035
0.00034475655
0.00034419392
0.00034363393
0.00034307304
0.0003425159
0.00034195962
0.0003414052
0.00034085082
0.00034029782
0.0003397486
0.00033919956
0.0003386526
0.00033810703
0.00033756264
0.0003370188
0.00033647704
0.00033593664
0.00033539895
0.00033486087
0.00033432545
0.00033379067
0.00033325775
0.00033272596
0.00033219592
0.0003316674
0.00033113934
0.00033061366
0.0003300898
0.000329567
0.00032904354
0.00032852378
0.00032800538
0.00032748873
0.00032697376
0.00032645842
0.0003259454
0.00032543408
0.0003249226
0.00032441496
0.00032390706
0.00032340037
0.00032289425
0.00032239137
0.0003218902
0.0003213895
0.00032089083
0.0003203922
0.00031989493
0.00031940048
0.00031890583
0.00031841328
0.00031792175
0.00031743088
0.0003169391
0.00031644982
0.00031596262
0.00031547484
0.0003149888
0.00031450574
0.00031402166
0.00031353944
0.00031305986
0.00031257994
0.000312101
0.00031162417
0.00031114838
0.0003106755
0.00031020097
0.00030972948
0.00030925966
0.00030879086
0.0003083226
0.00030785563
0.0003073916
0.00030692582
0.0003064631
0.0003060008
0.00030553903
0.00030507933
0.00030462173
0.00030416306
0.000303707
0.00030325263
0.00030279905
0.00030234456
0.0003018942
0.00030144272
0.0003009941
0.0003005457
0.00030009804
0.00029965173
0.00029920752
0.00029876328
0.0002983202
0.000297879
0.00029743672
0.00029699836
0.0002965591
0.00029612117
0.00029568645
0.00029525007
0.00029481592
0.00029438312
0.0002939513
0.0002935202
0.00029308992
0.00029266058
0.00029223235
0.00029180656
0.00029138048
0.00029095626
0.00029053126
0.00029010934
0.0002896872
0.00028926678
0.00028884807
0.00028842807
0.00028801
0.0002875952
0.0002871785
0.00028676415
0.00028635078
0.00028593765
0.00028552653
0.00028511585
0.00028470627
0.00028429806
0.00028389078
0.00028348298
0.00028307724
0.00028267413
0.00028226952
0.00028186737
0.00028146434
0.00028106375
0.00028066407
0.000280265
0.00027986668
0.0002794704
0.00027907456
0.00027867797
0.00027828422
0.0002778917
0.00027749897
0.0002771077
0.0002767175
0.00027632757
0.00027593822
0.00027555108
0.0002751631
0.00027477805
0.00027439377
0.00027400875
0.0002736251
0.0002732439
0.0002728618
0.0002724815
0.0002721016
0.00027172273
0.00027134435
0.00027096734
0.00027059164
0.00027021597
0.00026984178
0.00026946896
0.00026909533
0.00026872382
0.00026835306
0.00026798216
0.00026761345
0.000267245
0.00026687654
0.00026651015
0.00026614452
0.0002657789
0.00026541442
0.00026505147
0.00026468904
0.0002643265
0.000263966
0.0002636055
0.0002632482
0.00026288867
0.00026253122
0.00026217467
0.00026181948
0.0002614641
0.00026111078
0.00026075743
0.00026040533
0.00026005387
0.0002597023
0.00025935392
0.0002590037
0.00025865604
0.00025830712
0.00025796043
0.00025761532
0.00025726925
0.0002569243
0.00025658178
0.00025623853
0.000255897
0.00025555413
0.0002552132
0.0002548745
0.00025453488
0.00025419655
0.00025385918
0.00025352242
0.00025318615
0.0002528516
0.00025251706
0.00025218385
0.00025185154
0.0002515195
0.00025118873
0.000250857
0.00025052947
0.00025019856
0.00024987047
0.00024954314
0.0002492167
0.0002488909
0.0002485645
0.0002482413
0.00024791755
0.00024759397
0.0002472723
0.00024695156
0.00024662973
0.00024630936
0.00024599035
0.00024567186
0.00024535434
0.00024503632
0.00024471938
0.000244404
0.00024408927
0.00024377389
0.00024346149
0.0002431472
0.00024283607
0.0002425239
0.00024221302
0.00024190196
0.00024159296
0.00024128362
0.00024097612
0.00024066772
0.00024036062
0.0002400545
0.0002397482
0.00023944449
0.00023913912
0.00023883618
0.0002385325
0.00023823071
0.00023792873
0.0002376275
0.00023732633
0.00023702809
0.00023672782
0.00023643057
0.00023613278
0.00023583589
0.0002355403
0.00023524494
0.0002349498
0.00023465593
0.00023436321
0.00023406844
0.0002337778
0.00023348474
0.00023319462
0.00023290381
0.00023261411
0.00023232537
0.00023203685
0.00023174884
0.00023146106
0.00023117459
0.00023088737
0.00023060259
0.00023031724
0.00023003378
0.00022974978
0.00022946433
0.00022918252
0.00022890206
0.00022861923
0.00022833847
0.00022805821
0.00022777946
0.0002275011
0.00022722196
0.00022694495
0.00022666808
0.0002263905
0.00022611607
0.00022584003
0.00022556615
0.00022529138
0.00022501794
0.00022474524
0.00022447275
0.0002242021
0.00022393036
0.0002236594
0.0002233897
0.00022311964
0.00022285129
0.00022258276
0.00022231534
0.00022204795
0.0002217817
0.00022151538
0.00022125027
0.00022098381
0.00022072002
0.00022045487
0.00022019219
0.00021992966
0.00021966739
0.00021940563
0.00021914423
0.00021888256
0.00021862212
0.00021836192
0.00021810395
0.00021784504
0.00021758652
0.00021733044
0.00021707194
0.00021681622
0.00021655958
0.00021630479
0.00021604895
0.00021579496
0.00021554077
0.00021528659
0.0002150345
0.00021478259
0.00021452953
0.00021427947
0.00021402759
0.00021377773
0.00021352753
0.00021327846
0.00021302993
0.00021278214
0.0002125342
0.00021228532
0.00021204072
0.00021179263
0.00021154767
0.00021130308
0.00021105612
0.00021081413
0.00021057014
0.00021032635
0.00021008334
0.00020984028
0.00020959818
0.00020935682
0.00020911639
0.0002088756
0.00020863539
0.00020839497
0.00020815642
0.0002079175
0.00020767977
0.00020744215
0.00020720401
0.00020696755
0.00020673181
0.00020649482
0.00020626007
0.00020602532
0.0002057913
0.00020555596
0.0002053227
0.00020509058
0.00020485841
0.00020462555
0.00020439379
0.0002041639
0.0002039327
0.00020370317
0.00020347329
0.00020324379
0.00020301563
0.00020278816
0.00020255962
0.00020233309
0.00020210491
0.0002018786
0.00020165363
0.00020142751
0.00020120178
0.00020097624
0.00020075277
0.00020052759
0.00020030358
0.00020008102
0.00019985941
0.00019963707
0.00019941585
0.00019919388
0.00019897213
0.00019875237
0.00019853232
0.00019831113
0.00019809286
0.00019787376
0.00019765443
0.00019743678
0.00019721893
0.00019700076
0.00019678425
0.00019656772
0.00019635269
0.00019613639
0.00019592138
0.00019570603
0.00019549194
0.00019527676
0.00019506348
0.00019485051
0.00019463722
0.00019442484
0.00019421286
0.00019400162
0.00019378983
0.00019357877
0.0001933679
0.0001931576
0.00019294805
0.00019273926
0.00019253009
0.00019232149
0.00019211361
0.00019190446
0.00019169811
0.00019149101
0.00019128447
0.00019107775
0.00019087199
0.00019066525
0.00019046059
0.00019025632
0.00019005201
0.00018984755
0.00018964402
0.00018944086
0.00018923827
0.00018903606
0.00018883402
0.00018863125
0.0001884296
0.00018822888
0.0001880289
0.00018782783
0.00018762825
0.00018742886
0.00018722982
0.00018703098
0.00018683143
0.00018663335
0.00018643562
0.00018623794
0.00018604191
0.00018584442
0.00018564766
0.00018545202
0.00018525585
0.00018506056
0.00018486512
0.00018467005
0.00018447703
0.00018428217
0.00018408822
0.00018389632
0.0001837024
0.00018351033
0.00018331828
0.00018312567
0.00018293562
0.00018274266
0.00018255282
0.00018236191
0.00018217172
0.00018198245
0.0001817934
0.00018160361
0.00018141473
0.00018122603
0.00018103828
0.0001808498
0.0001806628
0.00018047543
0.00018028864
0.00018010165
0.0001799154
0.00017972989
0.00017954438
0.00017935965
0.00017917545
0.00017898997
0.0001788067
0.00017862214
0.00017843873
0.0001782566
0.00017807317
0.0001778912
0.0001777089
0.00017752698
0.00017734578
0.00017716497
0.00017698418
0.00017680411
0.0001766233
0.00017644344
0.00017626413
0.00017608481
0.00017590627
0.00017572733
0.00017554914
0.00017537153
0.0001751928
0.00017501667
0.00017483832
0.00017466219
0.00017448684
0.00017430921
0.00017413331
0.00017395795
0.0001737822
0.00017360835
0.0001734326
0.00017325782
0.00017308506
0.00017291102
0.0001727381
0.00017256461
0.00017239149
0.00017221914
0.00017204603
0.00017187424
0.00017170301
0.00017153176
0.00017136034
0.00017118985
0.000171019
0.00017084926
0.00017067952
0.00017050943
0.00017034008
0.00017017071
0.00017000228
0.00016983386
0.00016966638
0.00016949944
0.00016933032
0.00016916374
0.00016899647
0.00016883046
0.00016866338
0.00016849757
0.00016833121
0.00016816726
0.00016800076
0.00016783628
0.00016767047
0.00016750599
0.00016734187
0.00016717908
0.00016701534
0.00016685162
0.00016668788
0.00016652547
0.00016636269
0.00016620192
0.00016603876
0.00016587709
0.00016571504
0.0001655543
0.00016539263
0.00016523247
0.00016507211
0.00016491285
0.0001647525
0.00016459363
0.00016443273
0.00016427498
0.00016411592
0.00016395781
0.00016379915
0.00016364122
0.00016348365
0.00016332611
0.00016316949
0.00016301288
0.00016285626
0.00016270022
0.00016254341
0.00016238792
0.00016223187
0.0001620762
0.00016192126
0.00016176671
0.00016161236
0.00016145836
0.00016130492
0.0001611513
0.00016099805
0.00016084519
0.00016069287
0.00016054
0.00016038826
0.00016023373
0.00016008348
0.00015993099
0.00015977945
0.00015962936
0.00015947873
0.0001593285
0.0001591773
0.00015902746
0.00015887851
0.00015872826
0.0001585784
0.00015842947
0.0001582807
0.0001581314
0.00015798303
0.00015783445
0.00015768684
0.00015753921
0.00015739253
0.00015724488
0.00015709671
0.0001569504
0.0001568037
0.00015665645
0.00015651014
0.00015636436
0.00015621826
0.0001560725
0.0001559273
0.00015578193
0.00015563767
0.00015549322
0.0001553484
0.0001552036
0.00015506045
0.00015491583
0.00015477232
0.00015462974
0.00015448607
0.00015434311
0.00015420074
0.00015405871
0.00015391539
0.00015377301
0.00015363233
0.00015349143
0.00015334885
0.00015334885
0.00015320761
0.00015306765
0.00015292733
0.00015278663
0.00015264744
0.025234587
0.022992581
0.021899201
0.021215545
0.02068899
0.020228298
0.019800447
0.019391105
0.018998906
0.018622402
0.018259367
0.018259367
0.018259367
0.017908668
0.017570006
0.017240763
