0.0	0.0	0.0
0.0	0.0	0.0
0.0	0.0	0.0
0.0	0.0	0.0
0.0	0.0	0.0
0.0	0.0	0.0
0.0	0.0	0.0
0.0	0.0	0.0
0.0	0.0	0.0
0.0	0.0	0.0
0.0	0.0	0.0
0.0	0.0	0.0
0.0	0.0	0.0
0.0	0.0	0.0
0.0	0.0	0.0
0.0	0.0	0.0
0.0	0.0	0.0
0.0	0.0	0.0
0.0	0.0	0.0
0.0	0.0	0.0
0.0	0.0	0.0
0.0	0.0	0.0
0.0	0.0	0.0
0.0	0.0	0.0
0.0	0.0	0.0
0.0	0.0	0.0
0.0	0.0	0.0
0.0	0.0	0.0
0.0	0.0	0.0
0.0	0.0	0.0
0.0	0.0	0.0
0.0	0.0	0.0
0.0	0.0	0.0
1.0	0.005534034311012728	0.01100715465052284
1.0	0.09629219701162148	0.1756688541140838
1.0	0.37188710570005534	0.5421540943929003
1.0	0.5971223021582733	0.7477477477477478
1.0	0.7304925290536801	0.8442596738087624
1.0	0.7985611510791367	0.8880000000000001
1.0	0.8245711123408965	0.9038519866545345
1.0	0.8312119535141118	0.9078271381081898
1.0	0.8334255672385169	0.9091457893148204
1.0	0.8339789706696181	0.9094749547374773
1.0	0.8350857775318207	0.9101326899879373
1.0	0.8350857775318207	0.9101326899879373
1.0	0.8350857775318207	0.9101326899879373
1.0	0.8350857775318207	0.9101326899879373
1.0	0.8350857775318207	0.9101326899879373
1.0	0.8350857775318207	0.9101326899879373
1.0	0.8350857775318207	0.9101326899879373
1.0	0.8350857775318207	0.9101326899879373
1.0	0.8350857775318207	0.9101326899879373
1.0	0.8350857775318207	0.9101326899879373
1.0	0.8350857775318207	0.9101326899879373
1.0	0.8350857775318207	0.9101326899879373
1.0	0.8350857775318207	0.9101326899879373
1.0	0.8350857775318207	0.9101326899879373
1.0	0.8350857775318207	0.9101326899879373
1.0	0.8350857775318207	0.9101326899879373
1.0	0.8350857775318207	0.9101326899879373
1.0	0.8350857775318207	0.9101326899879373
1.0	0.8350857775318207	0.9101326899879373
1.0	0.8350857775318207	0.9101326899879373
1.0	0.8350857775318207	0.9101326899879373
1.0	0.8350857775318207	0.9101326899879373
1.0	0.8350857775318207	0.9101326899879373
1.0	0.8350857775318207	0.9101326899879373
1.0	0.8350857775318207	0.9101326899879373
1.0	0.8350857775318207	0.9101326899879373
1.0	0.8350857775318207	0.9101326899879373
1.0	0.8350857775318207	0.9101326899879373
1.0	0.8350857775318207	0.9101326899879373
1.0	0.8350857775318207	0.9101326899879373
1.0	0.8350857775318207	0.9101326899879373
1.0	0.8350857775318207	0.9101326899879373
1.0	0.8350857775318207	0.9101326899879373
1.0	0.8350857775318207	0.9101326899879373
1.0	0.8350857775318207	0.9101326899879373
1.0	0.8350857775318207	0.9101326899879373
1.0	0.8350857775318207	0.9101326899879373
1.0	0.8350857775318207	0.9101326899879373
1.0	0.8350857775318207	0.9101326899879373
1.0	0.8350857775318207	0.9101326899879373
1.0	0.8350857775318207	0.9101326899879373
1.0	0.8350857775318207	0.9101326899879373
1.0	0.8350857775318207	0.9101326899879373
1.0	0.8350857775318207	0.9101326899879373
1.0	0.8350857775318207	0.9101326899879373
1.0	0.8350857775318207	0.9101326899879373
1.0	0.8350857775318207	0.9101326899879373
1.0	0.8350857775318207	0.9101326899879373
1.0	0.8350857775318207	0.9101326899879373
1.0	0.8350857775318207	0.9101326899879373
1.0	0.8350857775318207	0.9101326899879373
1.0	0.8350857775318207	0.9101326899879373
1.0	0.8350857775318207	0.9101326899879373
1.0	0.8350857775318207	0.9101326899879373
1.0	0.8350857775318207	0.9101326899879373
1.0	0.8350857775318207	0.9101326899879373
1.0	0.8350857775318207	0.9101326899879373
1.0	0.8350857775318207	0.9101326899879373
1.0	0.8350857775318207	0.9101326899879373
1.0	0.8350857775318207	0.9101326899879373
1.0	0.8350857775318207	0.9101326899879373
1.0	0.8350857775318207	0.9101326899879373
1.0	0.8350857775318207	0.9101326899879373
1.0	0.8350857775318207	0.9101326899879373
1.0	0.8350857775318207	0.9101326899879373
1.0	0.8350857775318207	0.9101326899879373
1.0	0.8350857775318207	0.9101326899879373
1.0	0.8350857775318207	0.9101326899879373
1.0	0.8350857775318207	0.9101326899879373
1.0	0.8350857775318207	0.9101326899879373
1.0	0.8350857775318207	0.9101326899879373
1.0	0.8350857775318207	0.9101326899879373
1.0	0.8350857775318207	0.9101326899879373
1.0	0.8350857775318207	0.9101326899879373
1.0	0.8350857775318207	0.9101326899879373
1.0	0.8350857775318207	0.9101326899879373
1.0	0.8350857775318207	0.9101326899879373
1.0	0.8350857775318207	0.9101326899879373
1.0	0.8350857775318207	0.9101326899879373
1.0	0.8350857775318207	0.9101326899879373
1.0	0.8350857775318207	0.9101326899879373
1.0	0.8350857775318207	0.9101326899879373
1.0	0.8350857775318207	0.9101326899879373
1.0	0.8350857775318207	0.9101326899879373
1.0	0.8350857775318207	0.9101326899879373
1.0	0.8350857775318207	0.9101326899879373
1.0	0.8350857775318207	0.9101326899879373
1.0	0.8350857775318207	0.9101326899879373
1.0	0.8350857775318207	0.9101326899879373
1.0	0.8350857775318207	0.9101326899879373
1.0	0.8350857775318207	0.9101326899879373
1.0	0.8350857775318207	0.9101326899879373
1.0	0.8350857775318207	0.9101326899879373
1.0	0.8350857775318207	0.9101326899879373
1.0	0.8350857775318207	0.9101326899879373
1.0	0.8350857775318207	0.9101326899879373
1.0	0.8350857775318207	0.9101326899879373
1.0	0.8350857775318207	0.9101326899879373
1.0	0.8350857775318207	0.9101326899879373
1.0	0.8350857775318207	0.9101326899879373
1.0	0.8350857775318207	0.9101326899879373
1.0	0.8350857775318207	0.9101326899879373
1.0	0.8350857775318207	0.9101326899879373
1.0	0.8350857775318207	0.9101326899879373
1.0	0.8350857775318207	0.9101326899879373
1.0	0.8350857775318207	0.9101326899879373
1.0	0.8350857775318207	0.9101326899879373
1.0	0.8350857775318207	0.9101326899879373
1.0	0.8350857775318207	0.9101326899879373
1.0	0.8350857775318207	0.9101326899879373
1.0	0.8350857775318207	0.9101326899879373
1.0	0.8350857775318207	0.9101326899879373
1.0	0.8350857775318207	0.9101326899879373
1.0	0.8350857775318207	0.9101326899879373
1.0	0.8350857775318207	0.9101326899879373
1.0	0.8350857775318207	0.9101326899879373
1.0	0.8350857775318207	0.9101326899879373
1.0	0.8350857775318207	0.9101326899879373
1.0	0.8350857775318207	0.9101326899879373
1.0	0.8350857775318207	0.9101326899879373
1.0	0.8350857775318207	0.9101326899879373
1.0	0.8350857775318207	0.9101326899879373
1.0	0.8350857775318207	0.9101326899879373
1.0	0.8350857775318207	0.9101326899879373
1.0	0.8350857775318207	0.9101326899879373
1.0	0.8350857775318207	0.9101326899879373
1.0	0.8350857775318207	0.9101326899879373
1.0	0.8350857775318207	0.9101326899879373
1.0	0.8350857775318207	0.9101326899879373
1.0	0.8350857775318207	0.9101326899879373
1.0	0.8350857775318207	0.9101326899879373
1.0	0.8350857775318207	0.9101326899879373
1.0	0.8350857775318207	0.9101326899879373
1.0	0.8350857775318207	0.9101326899879373
1.0	0.8350857775318207	0.9101326899879373
1.0	0.8350857775318207	0.9101326899879373
1.0	0.8350857775318207	0.9101326899879373
1.0	0.8350857775318207	0.9101326899879373
1.0	0.8350857775318207	0.9101326899879373
1.0	0.8350857775318207	0.9101326899879373
1.0	0.8350857775318207	0.9101326899879373
1.0	0.8350857775318207	0.9101326899879373
1.0	0.8350857775318207	0.9101326899879373
1.0	0.8350857775318207	0.9101326899879373
1.0	0.8350857775318207	0.9101326899879373
1.0	0.8350857775318207	0.9101326899879373
1.0	0.8350857775318207	0.9101326899879373
1.0	0.8350857775318207	0.9101326899879373
1.0	0.8350857775318207	0.9101326899879373
1.0	0.8350857775318207	0.9101326899879373
1.0	0.8350857775318207	0.9101326899879373
1.0	0.8350857775318207	0.9101326899879373
1.0	0.8350857775318207	0.9101326899879373
1.0	0.8350857775318207	0.9101326899879373
1.0	0.8350857775318207	0.9101326899879373
1.0	0.8350857775318207	0.9101326899879373
1.0	0.8350857775318207	0.9101326899879373
1.0	0.8350857775318207	0.9101326899879373
1.0	0.8350857775318207	0.9101326899879373
1.0	0.8350857775318207	0.9101326899879373
1.0	0.8350857775318207	0.9101326899879373
1.0	0.8350857775318207	0.9101326899879373
1.0	0.8350857775318207	0.9101326899879373
1.0	0.8350857775318207	0.9101326899879373
1.0	0.8350857775318207	0.9101326899879373
1.0	0.8350857775318207	0.9101326899879373
1.0	0.8350857775318207	0.9101326899879373
1.0	0.8350857775318207	0.9101326899879373
1.0	0.8350857775318207	0.9101326899879373
1.0	0.8350857775318207	0.9101326899879373
1.0	0.8350857775318207	0.9101326899879373
1.0	0.8350857775318207	0.9101326899879373
1.0	0.8350857775318207	0.9101326899879373
1.0	0.8350857775318207	0.9101326899879373
1.0	0.8350857775318207	0.9101326899879373
1.0	0.8350857775318207	0.9101326899879373
1.0	0.8350857775318207	0.9101326899879373
1.0	0.8350857775318207	0.9101326899879373
1.0	0.8350857775318207	0.9101326899879373
1.0	0.8350857775318207	0.9101326899879373
1.0	0.8350857775318207	0.9101326899879373
1.0	0.8350857775318207	0.9101326899879373
1.0	0.8350857775318207	0.9101326899879373
1.0	0.8350857775318207	0.9101326899879373
1.0	0.8350857775318207	0.9101326899879373
1.0	0.8350857775318207	0.9101326899879373
1.0	0.8350857775318207	0.9101326899879373
1.0	0.8350857775318207	0.9101326899879373
1.0	0.8350857775318207	0.9101326899879373
1.0	0.8350857775318207	0.9101326899879373
1.0	0.8350857775318207	0.9101326899879373
1.0	0.8350857775318207	0.9101326899879373
1.0	0.8350857775318207	0.9101326899879373
1.0	0.8350857775318207	0.9101326899879373
1.0	0.8350857775318207	0.9101326899879373
1.0	0.8350857775318207	0.9101326899879373
1.0	0.8350857775318207	0.9101326899879373
1.0	0.8350857775318207	0.9101326899879373
1.0	0.8350857775318207	0.9101326899879373
1.0	0.8350857775318207	0.9101326899879373
1.0	0.8350857775318207	0.9101326899879373
1.0	0.8350857775318207	0.9101326899879373
1.0	0.8350857775318207	0.9101326899879373
1.0	0.8350857775318207	0.9101326899879373
1.0	0.8350857775318207	0.9101326899879373
1.0	0.8350857775318207	0.9101326899879373
1.0	0.8350857775318207	0.9101326899879373
1.0	0.8350857775318207	0.9101326899879373
1.0	0.8350857775318207	0.9101326899879373
1.0	0.8350857775318207	0.9101326899879373
1.0	0.8350857775318207	0.9101326899879373
1.0	0.8350857775318207	0.9101326899879373
1.0	0.8350857775318207	0.9101326899879373
1.0	0.8350857775318207	0.9101326899879373
1.0	0.8350857775318207	0.9101326899879373
1.0	0.8350857775318207	0.9101326899879373
1.0	0.8350857775318207	0.9101326899879373
1.0	0.8350857775318207	0.9101326899879373
1.0	0.8350857775318207	0.9101326899879373
1.0	0.8350857775318207	0.9101326899879373
1.0	0.8350857775318207	0.9101326899879373
1.0	0.8350857775318207	0.9101326899879373
1.0	0.8350857775318207	0.9101326899879373
1.0	0.8350857775318207	0.9101326899879373
1.0	0.8350857775318207	0.9101326899879373
1.0	0.8350857775318207	0.9101326899879373
1.0	0.8350857775318207	0.9101326899879373
1.0	0.8350857775318207	0.9101326899879373
1.0	0.8350857775318207	0.9101326899879373
1.0	0.8350857775318207	0.9101326899879373
1.0	0.8350857775318207	0.9101326899879373
1.0	0.8350857775318207	0.9101326899879373
1.0	0.8350857775318207	0.9101326899879373
1.0	0.8350857775318207	0.9101326899879373
1.0	0.8350857775318207	0.9101326899879373
1.0	0.8350857775318207	0.9101326899879373
1.0	0.8350857775318207	0.9101326899879373
1.0	0.8350857775318207	0.9101326899879373
1.0	0.8350857775318207	0.9101326899879373
1.0	0.8350857775318207	0.9101326899879373
1.0	0.8350857775318207	0.9101326899879373
1.0	0.8350857775318207	0.9101326899879373
1.0	0.8350857775318207	0.9101326899879373
1.0	0.8350857775318207	0.9101326899879373
1.0	0.8350857775318207	0.9101326899879373
1.0	0.8350857775318207	0.9101326899879373
1.0	0.8350857775318207	0.9101326899879373
1.0	0.8350857775318207	0.9101326899879373
1.0	0.8350857775318207	0.9101326899879373
1.0	0.8350857775318207	0.9101326899879373
1.0	0.8350857775318207	0.9101326899879373
1.0	0.8350857775318207	0.9101326899879373
1.0	0.8345323741007195	0.9098039215686274
1.0	0.8345323741007195	0.9098039215686274
1.0	0.8345323741007195	0.9098039215686274
1.0	0.8345323741007195	0.9098039215686274
1.0	0.8345323741007195	0.9098039215686274
1.0	0.8345323741007195	0.9098039215686274
1.0	0.8345323741007195	0.9098039215686274
1.0	0.8345323741007195	0.9098039215686274
1.0	0.8345323741007195	0.9098039215686274
1.0	0.8345323741007195	0.9098039215686274
1.0	0.8345323741007195	0.9098039215686274
1.0	0.8345323741007195	0.9098039215686274
1.0	0.8345323741007195	0.9098039215686274
1.0	0.8345323741007195	0.9098039215686274
1.0	0.8345323741007195	0.9098039215686274
1.0	0.8345323741007195	0.9098039215686274
1.0	0.8345323741007195	0.9098039215686274
1.0	0.8345323741007195	0.9098039215686274
1.0	0.8345323741007195	0.9098039215686274
1.0	0.8345323741007195	0.9098039215686274
1.0	0.8345323741007195	0.9098039215686274
1.0	0.8339789706696181	0.9094749547374773
1.0	0.8339789706696181	0.9094749547374773
1.0	0.8339789706696181	0.9094749547374773
1.0	0.8339789706696181	0.9094749547374773
1.0	0.8339789706696181	0.9094749547374773
1.0	0.8339789706696181	0.9094749547374773
1.0	0.8339789706696181	0.9094749547374773
1.0	0.8339789706696181	0.9094749547374773
1.0	0.8339789706696181	0.9094749547374773
1.0	0.8339789706696181	0.9094749547374773
1.0	0.8339789706696181	0.9094749547374773
1.0	0.8339789706696181	0.9094749547374773
1.0	0.8334255672385169	0.9091457893148204
1.0	0.8334255672385169	0.9091457893148204
1.0	0.8334255672385169	0.9091457893148204
1.0	0.8328721638074156	0.9088164251207729
1.0	0.8328721638074156	0.9088164251207729
1.0	0.8328721638074156	0.9088164251207729
1.0	0.8328721638074156	0.9088164251207729
1.0	0.8328721638074156	0.9088164251207729
1.0	0.8328721638074156	0.9088164251207729
1.0	0.8328721638074156	0.9088164251207729
1.0	0.8323187603763144	0.9084868619752341
1.0	0.8323187603763144	0.9084868619752341
1.0	0.8323187603763144	0.9084868619752341
1.0	0.8323187603763144	0.9084868619752341
1.0	0.8323187603763144	0.9084868619752341
1.0	0.8323187603763144	0.9084868619752341
1.0	0.8323187603763144	0.9084868619752341
1.0	0.831765356945213	0.9081570996978852
1.0	0.8312119535141118	0.9078271381081898
1.0	0.8306585500830105	0.907496977025393
1.0	0.8306585500830105	0.907496977025393
1.0	0.8306585500830105	0.907496977025393
1.0	0.8301051466519093	0.9071666162685212
1.0	0.8295517432208079	0.9068360556563824
1.0	0.8295517432208079	0.9068360556563824
1.0	0.8295517432208079	0.9068360556563824
1.0	0.8295517432208079	0.9068360556563824
1.0	0.8295517432208079	0.9068360556563824
1.0	0.8289983397897067	0.9065052950075643
1.0	0.8289983397897067	0.9065052950075643
1.0	0.8289983397897067	0.9065052950075643
1.0	0.8284449363586054	0.9061743341404358
1.0	0.8284449363586054	0.9061743341404358
1.0	0.8278915329275042	0.9058431728731456
1.0	0.8278915329275042	0.9058431728731456
1.0	0.8278915329275042	0.9058431728731456
1.0	0.8262313226342003	0.9048484848484849
1.0	0.8256779192030991	0.9045165201576235
1.0	0.8251245157719977	0.9041843541540328
1.0	0.8251245157719977	0.9041843541540328
1.0	0.8245711123408965	0.9038519866545345
1.0	0.8240177089097952	0.9035194174757281
1.0	0.823464305478694	0.9031866464339909
1.0	0.8229109020475927	0.9028536733454766
1.0	0.8223574986164914	0.902520498026116
1.0	0.8223574986164914	0.902520498026116
1.0	0.8223574986164914	0.902520498026116
1.0	0.8212506917542889	0.9018535399574596
1.0	0.8206972883231876	0.9015197568389057
1.0	0.8206972883231876	0.9015197568389057
1.0	0.8206972883231876	0.9015197568389057
1.0	0.8201438848920863	0.9011857707509882
1.0	0.8179302711676812	0.899847792998478
1.0	0.8168234643054787	0.8991775814803533
1.0	0.8140564471499724	0.8974984746796827
1.0	0.813503043718871	0.8971620384498017
1.0	0.8118428334255673	0.8961514966401956
1.0	0.811289429994466	0.8958142377024136
1.0	0.811289429994466	0.8958142377024136
1.0	0.8107360265633647	0.8954767726161369
1.0	0.8074156059767571	0.8934476423759952
1.0	0.8063087991145546	0.8927696078431373
1.0	0.805201992252352	0.8920907418761496
1.0	0.805201992252352	0.8920907418761496
1.0	0.8035417819590481	0.8910708806382325
1.0	0.8024349750968456	0.8903899293828677
1.0	0.801328168234643	0.8897081413210446
1.0	0.8002213613724405	0.8890255149093145
1.0	0.7969009407858328	0.8869725900831538
1.0	0.793027116768124	0.884567901234568
1.0	0.7908135030437189	0.8831891223733004
1.0	0.789153292750415	0.8821527992576554
1.0	0.7880464858882125	0.8814608480346642
1.0	0.7869396790260099	0.8807680396407557
1.0	0.7858328721638074	0.8800743724821816
1.0	0.7847260653016048	0.8793798449612403
1.0	0.7819590481460985	0.877639751552795
1.0	0.7797454344216934	0.8762437810945274
1.0	0.7791920309905921	0.8758942457231726
1.0	0.7786386275594909	0.8755444928438083
1.0	0.7775318206972883	0.8748443337484434
1.0	0.774764803541782	0.8730901153726224
1.0	0.7703375760929718	0.8702719599874961
1.0	0.7697841726618705	0.8699186991869918
1.0	0.7686773657996679	0.8692115143929913
1.0	0.7664637520752628	0.8677944862155388
1.0	0.7648035417819591	0.8667293822514895
1.0	0.762589928057554	0.8653061224489795
1.0	0.7620365246264527	0.8649497487437185
1.0	0.758716104039845	0.8628067967275016
1.0	0.7570558937465413	0.861732283464567
1.0	0.7548422800221362	0.8602964364553769
1.0	0.7531820697288323	0.8592171717171717
1.0	0.7515218594355285	0.8581358609794629
1.0	0.7509684560044272	0.8577749683944373
1.0	0.7487548422800221	0.8563291139240506
1.0	0.7476480354178195	0.8556048131728942
1.0	0.7459878251245158	0.8545166402535658
1.0	0.7459878251245158	0.8545166402535658
1.0	0.7454344216934145	0.8541534559289791
1.0	0.7454344216934145	0.8541534559289791
1.0	0.7454344216934145	0.8541534559289791
1.0	0.7437742114001107	0.853062519834973
1.0	0.7415605976757056	0.8516047028916428
1.0	0.7393469839513005	0.8501431753102132
1.0	0.7393469839513005	0.8501431753102132
1.0	0.7387935805201993	0.8497772119669001
1.0	0.7371333702268954	0.8486779229053839
1.0	0.7354731599335916	0.847576530612245
1.0	0.7338129496402878	0.8464730290456433
1.0	0.7327061427780852	0.845736186521878
1.0	0.7304925290536801	0.8442596738087624
1.0	0.728278915329275	0.8427793788024336
1.0	0.7277255118981738	0.8424087123638694
1.0	0.7266187050359713	0.8416666666666668
1.0	0.7249584947426674	0.8405518126403594
1.0	0.7238516878804648	0.8398073836276083
1.0	0.7216380741560597	0.8383156541305047
1.0	0.7183176535694521	0.8360708534621577
1.0	0.7177642501383509	0.8356958762886598
1.0	0.7177642501383509	0.8356958762886598
1.0	0.7149972329828445	0.8338173604388512
1.0	0.7149972329828445	0.8338173604388512
1.0	0.7122302158273381	0.8319327731092437
1.0	0.7105700055340343	0.8307990941442899
1.0	0.7094631986718317	0.8300420848170929
1.0	0.7072495849474266	0.8285251215559157
1.0	0.7066961815163254	0.8281452658884565
1.0	0.7066961815163254	0.8281452658884565
1.0	0.7050359712230215	0.8270042194092826
1.0	0.7050359712230215	0.8270042194092826
1.0	0.7044825677919203	0.8266233766233767
1.0	0.7022689540675152	0.8250975292587776
1.0	0.7000553403431101	0.8235677083333334
1.0	0.6983951300498064	0.8224177256435321
1.0	0.6972883231876038	0.8216498206716663
1.0	0.6961815163254013	0.8208809135399674
1.0	0.6950747094631987	0.8201110022853412
1.0	0.6950747094631987	0.8201110022853412
1.0	0.6945213060320974	0.8197256694970607
1.0	0.6923076923076923	0.8181818181818181
1.0	0.6900940785832872	0.816633922724296
1.0	0.689540675152186	0.8162463150999018
1.0	0.6889872717210846	0.8158584534731324
1.0	0.6878804648588821	0.8150819672131148
1.0	0.6873270614277809	0.8146933420793703
1.0	0.685666851134477	0.8135259356533158
1.0	0.6834532374100719	0.811965811965812
1.0	0.6806862202545656	0.810009878169246
1.0	0.6801328168234643	0.8096179183135704
1.0	0.679579413392363	0.8092257001647447
1.0	0.6790260099612617	0.8088332234673697
1.0	0.6784726065301605	0.8084404879657106
1.0	0.6762589928057554	0.8068669527896996
1.0	0.6751521859435529	0.8060786257020153
1.0	0.6751521859435529	0.8060786257020153
1.0	0.6740453790813503	0.8052892561983471
1.0	0.6729385722191478	0.8044988422097253
1.0	0.6723851687880464	0.8041032428855063
1.0	0.6707249584947427	0.8029148724743294
1.0	0.6701715550636413	0.8025182239893969
1.0	0.6696181516325401	0.8021213125621478
1.0	0.6696181516325401	0.8021213125621478
1.0	0.6690647482014388	0.8017241379310345
1.0	0.667404537908135	0.8005310321938267
1.0	0.6668511344770337	0.800132802124834
1.0	0.6662977310459325	0.7997343075390236
1.0	0.6657443276148313	0.7993355481727574
1.0	0.6640841173215274	0.7981376787495843
1.0	0.6635307138904262	0.7977378576180972
1.0	0.6624239070282236	0.7969374167776299
1.0	0.6624239070282236	0.7969374167776299
1.0	0.6624239070282236	0.7969374167776299
1.0	0.6624239070282236	0.7969374167776299
1.0	0.6613171001660211	0.7961359093937375
1.0	0.6613171001660211	0.7961359093937375
1.0	0.6602102933038185	0.7953333333333333
1.0	0.6596568898727172	0.7949316438812937
1.0	0.6596568898727172	0.7949316438812937
1.0	0.659103486441616	0.7945296864576386
1.0	0.659103486441616	0.7945296864576386
1.0	0.659103486441616	0.7945296864576386
1.0	0.6574432761483121	0.793322203672788
1.0	0.6568898727172109	0.7929191716766867
1.0	0.6568898727172109	0.7929191716766867
1.0	0.6563364692861096	0.792515870364183
1.0	0.655229662423907	0.7917084587094616
1.0	0.6546762589928058	0.791304347826087
1.0	0.6546762589928058	0.791304347826087
1.0	0.6524626452684007	0.7896851975887474
1.0	0.6519092418372994	0.7892797319932998
1.0	0.6513558384061982	0.7888739946380697
1.0	0.6508024349750968	0.7884679852497485
1.0	0.6502490315439956	0.7880617035546614
1.0	0.6491422246817931	0.7872483221476511
1.0	0.6480354178195905	0.7864338482202821
1.0	0.6480354178195905	0.7864338482202821
1.0	0.646928610957388	0.7856182795698925
1.0	0.6458218040951854	0.7848016139878952
1.0	0.6458218040951854	0.7848016139878952
1.0	0.6452684006640841	0.7843928691557349
1.0	0.6458218040951854	0.7848016139878952
1.0	0.6441615938018815	0.7835745540222148
1.0	0.6441615938018815	0.7835745540222148
1.0	0.6441615938018815	0.7835745540222148
1.0	0.6441615938018815	0.7835745540222148
1.0	0.6436081903707803	0.7831649831649832
1.0	0.6436081903707803	0.7831649831649832
1.0	0.6436081903707803	0.7831649831649832
1.0	0.6436081903707803	0.7831649831649832
1.0	0.643054786939679	0.7827551364095655
1.0	0.6425013835085778	0.782345013477089
1.0	0.6425013835085778	0.782345013477089
1.0	0.6425013835085778	0.782345013477089
1.0	0.643054786939679	0.7827551364095655
1.0	0.6436081903707803	0.7831649831649832
1.0	0.643054786939679	0.7827551364095655
1.0	0.6425013835085778	0.782345013477089
1.0	0.6425013835085778	0.782345013477089
1.0	0.6425013835085778	0.782345013477089
1.0	0.6413945766463752	0.7815239379635874
1.0	0.6413945766463752	0.7815239379635874
1.0	0.6419479800774764	0.7819346140883046
1.0	0.6413945766463752	0.7815239379635874
1.0	0.6408411732152739	0.7811129848229342
1.0	0.6408411732152739	0.7811129848229342
1.0	0.6397343663530713	0.7802902463719203
1.0	0.6391809629219701	0.7798784604996624
1.0	0.6391809629219701	0.7798784604996624
1.0	0.6380741560597676	0.779054054054054
1.0	0.6375207526286663	0.7786414329165258
1.0	0.6375207526286663	0.7786414329165258
1.0	0.636967349197565	0.7782285327924274
1.0	0.6364139457664637	0.7778153533987149
1.0	0.6364139457664637	0.7778153533987149
1.0	0.6364139457664637	0.7778153533987149
1.0	0.6364139457664637	0.7778153533987149
1.0	0.6364139457664637	0.7778153533987149
1.0	0.6358605423353625	0.7774018944519622
1.0	0.6358605423353625	0.7774018944519622
1.0	0.6358605423353625	0.7774018944519622
1.0	0.6347537354731599	0.7765741367637101
1.0	0.6342003320420586	0.7761598374534372
1.0	0.6342003320420586	0.7761598374534372
1.0	0.6347537354731599	0.7765741367637101
1.0	0.6342003320420586	0.7761598374534372
1.0	0.6342003320420586	0.7761598374534372
1.0	0.6336469286109574	0.7757452574525745
1.0	0.6325401217487548	0.7749152542372882
1.0	0.6325401217487548	0.7749152542372882
1.0	0.6319867183176535	0.7744998304510003
1.0	0.6314333148865523	0.7740841248303935
1.0	0.6303265080243498	0.7732518669382212
1.0	0.6292197011621472	0.7724184782608695
1.0	0.6292197011621472	0.7724184782608695
1.0	0.628666297731046	0.7720013591573225
1.0	0.6281128942999447	0.7715839564921823
1.0	0.6281128942999447	0.7715839564921823
1.0	0.628666297731046	0.7720013591573225
1.0	0.628666297731046	0.7720013591573225
1.0	0.628666297731046	0.7720013591573225
1.0	0.6292197011621472	0.7724184782608695
1.0	0.6281128942999447	0.7715839564921823
1.0	0.6275594908688434	0.7711662699761985
1.0	0.6258992805755396	0.7699115044247787
1.0	0.6258992805755396	0.7699115044247787
1.0	0.6258992805755396	0.7699115044247787
1.0	0.6253458771444383	0.7694926796050392
1.0	0.6253458771444383	0.7694926796050392
1.0	0.624792473713337	0.7690735694822888
1.0	0.624792473713337	0.7690735694822888
1.0	0.6236856668511345	0.7682344921608726
1.0	0.6236856668511345	0.7682344921608726
1.0	0.6231322634200332	0.7678145243777702
1.0	0.6231322634200332	0.7678145243777702
1.0	0.6225788599889319	0.767394270122783
1.0	0.6220254565578307	0.7669737291026953
1.0	0.6203652462645268	0.7657103825136612
1.0	0.6192584394023243	0.7648667122351334
1.0	0.6192584394023243	0.7648667122351334
1.0	0.6192584394023243	0.7648667122351334
1.0	0.6187050359712231	0.7644444444444444
1.0	0.6187050359712231	0.7644444444444444
1.0	0.6181516325401217	0.7640218878248974
1.0	0.6181516325401217	0.7640218878248974
1.0	0.6181516325401217	0.7640218878248974
1.0	0.6181516325401217	0.7640218878248974
1.0	0.6181516325401217	0.7640218878248974
1.0	0.6181516325401217	0.7640218878248974
1.0	0.6181516325401217	0.7640218878248974
1.0	0.6181516325401217	0.7640218878248974
1.0	0.616491422246818	0.7627524820267033
1.0	0.616491422246818	0.7627524820267033
1.0	0.616491422246818	0.7627524820267033
1.0	0.616491422246818	0.7627524820267033
1.0	0.616491422246818	0.7627524820267033
1.0	0.616491422246818	0.7627524820267033
1.0	0.616491422246818	0.7627524820267033
1.0	0.6159380188157166	0.7623287671232877
1.0	0.6153846153846154	0.761904761904762
1.0	0.6153846153846154	0.761904761904762
1.0	0.6148312119535141	0.7614804660726525
1.0	0.6148312119535141	0.7614804660726525
1.0	0.6142778085224129	0.7610558793280767
1.0	0.6137244050913115	0.7606310013717421
1.0	0.6131710016602103	0.7602058319039451
1.0	0.612617598229109	0.7597803706245709
1.0	0.612617598229109	0.7597803706245709
1.0	0.612617598229109	0.7597803706245709
1.0	0.612617598229109	0.7597803706245709
1.0	0.612617598229109	0.7597803706245709
1.0	0.6120641947980078	0.759354617233093
1.0	0.6120641947980078	0.759354617233093
1.0	0.612617598229109	0.7597803706245709
1.0	0.6120641947980078	0.759354617233093
1.0	0.6115107913669064	0.7589285714285714
1.0	0.6115107913669064	0.7589285714285714
1.0	0.6115107913669064	0.7589285714285714
1.0	0.6115107913669064	0.7589285714285714
1.0	0.6109573879358052	0.758502232909653
1.0	0.6109573879358052	0.758502232909653
1.0	0.6109573879358052	0.758502232909653
1.0	0.6109573879358052	0.758502232909653
1.0	0.6115107913669064	0.7589285714285714
1.0	0.6115107913669064	0.7589285714285714
1.0	0.6115107913669064	0.7589285714285714
1.0	0.6109573879358052	0.758502232909653
1.0	0.6104039845047039	0.7580756013745705
1.0	0.6104039845047039	0.7580756013745705
1.0	0.6092971776425014	0.7572214580467675
1.0	0.6092971776425014	0.7572214580467675
1.0	0.6081903707802988	0.7563661390227115
1.0	0.6070835639180963	0.7555096418732782
1.0	0.606530160486995	0.7550809507406132
1.0	0.6054233536247925	0.7542226818338503
1.0	0.6054233536247925	0.7542226818338503
1.0	0.6054233536247925	0.7542226818338503
1.0	0.60431654676259	0.7533632286995516
1.0	0.6032097399003874	0.7525025888850536
1.0	0.6037631433314886	0.7529330572808833
1.0	0.6037631433314886	0.7529330572808833
1.0	0.6037631433314886	0.7529330572808833
1.0	0.6037631433314886	0.7529330572808833
1.0	0.6032097399003874	0.7525025888850536
1.0	0.6026563364692861	0.7520718232044199
1.0	0.6032097399003874	0.7525025888850536
1.0	0.6037631433314886	0.7529330572808833
1.0	0.6032097399003874	0.7525025888850536
1.0	0.6015495296070835	0.751209398756047
1.0	0.6009961261759823	0.7507777393708952
1.0	0.5998893193137798	0.7499135247319266
1.0	0.5993359158826784	0.7494809688581314
1.0	0.5993359158826784	0.7494809688581314
1.0	0.5993359158826784	0.7494809688581314
1.0	0.5993359158826784	0.7494809688581314
1.0	0.5987825124515772	0.749048113534095
1.0	0.5987825124515772	0.749048113534095
1.0	0.5987825124515772	0.749048113534095
1.0	0.5993359158826784	0.7494809688581314
1.0	0.5993359158826784	0.7494809688581314
1.0	0.5993359158826784	0.7494809688581314
1.0	0.5993359158826784	0.7494809688581314
1.0	0.5987825124515772	0.749048113534095
1.0	0.5982291090204759	0.7486149584487535
1.0	0.5982291090204759	0.7486149584487535
1.0	0.5982291090204759	0.7486149584487535
1.0	0.5976757055893747	0.7481815032906131
1.0	0.5976757055893747	0.7481815032906131
1.0	0.5976757055893747	0.7481815032906131
1.0	0.5971223021582733	0.7477477477477478
1.0	0.5971223021582733	0.7477477477477478
1.0	0.5976757055893747	0.7481815032906131
1.0	0.5976757055893747	0.7481815032906131
1.0	0.5976757055893747	0.7481815032906131
1.0	0.5976757055893747	0.7481815032906131
1.0	0.5976757055893747	0.7481815032906131
1.0	0.5976757055893747	0.7481815032906131
1.0	0.5976757055893747	0.7481815032906131
1.0	0.5971223021582733	0.7477477477477478
1.0	0.5971223021582733	0.7477477477477478
1.0	0.5971223021582733	0.7477477477477478
1.0	0.5965688987271721	0.7473136915077989
1.0	0.5960154952960708	0.746879334257975
1.0	0.5960154952960708	0.746879334257975
1.0	0.5960154952960708	0.746879334257975
1.0	0.5960154952960708	0.746879334257975
1.0	0.5960154952960708	0.746879334257975
1.0	0.5965688987271721	0.7473136915077989
1.0	0.5960154952960708	0.746879334257975
1.0	0.5960154952960708	0.746879334257975
1.0	0.5960154952960708	0.746879334257975
1.0	0.5960154952960708	0.746879334257975
1.0	0.5960154952960708	0.746879334257975
1.0	0.594355285002767	0.7455744533148213
1.0	0.594355285002767	0.7455744533148213
1.0	0.594355285002767	0.7455744533148213
1.0	0.594355285002767	0.7455744533148213
1.0	0.594355285002767	0.7455744533148213
1.0	0.5949086884338682	0.7460097154753642
1.0	0.5949086884338682	0.7460097154753642
1.0	0.5949086884338682	0.7460097154753642
1.0	0.5949086884338682	0.7460097154753642
1.0	0.5949086884338682	0.7460097154753642
1.0	0.5949086884338682	0.7460097154753642
1.0	0.594355285002767	0.7455744533148213
1.0	0.594355285002767	0.7455744533148213
1.0	0.594355285002767	0.7455744533148213
1.0	0.594355285002767	0.7455744533148213
1.0	0.594355285002767	0.7455744533148213
1.0	0.5938018815716657	0.7451388888888888
1.0	0.5938018815716657	0.7451388888888888
1.0	0.5938018815716657	0.7451388888888888
1.0	0.5938018815716657	0.7451388888888888
1.0	0.5938018815716657	0.7451388888888888
1.0	0.5938018815716657	0.7451388888888888
1.0	0.5938018815716657	0.7451388888888888
1.0	0.5938018815716657	0.7451388888888888
1.0	0.5932484781405645	0.7447030218825981
1.0	0.5926950747094631	0.7442668519805421
1.0	0.5921416712783619	0.7438303788668752
1.0	0.5915882678472607	0.743393602225313
1.0	0.5915882678472607	0.743393602225313
1.0	0.5915882678472607	0.743393602225313
1.0	0.5915882678472607	0.743393602225313
1.0	0.5921416712783619	0.7438303788668752
1.0	0.5915882678472607	0.743393602225313
1.0	0.5915882678472607	0.743393602225313
1.0	0.5915882678472607	0.743393602225313
1.0	0.5915882678472607	0.743393602225313
1.0	0.5915882678472607	0.743393602225313
1.0	0.5910348644161594	0.7429565217391304
1.0	0.5910348644161594	0.7429565217391304
1.0	0.5910348644161594	0.7429565217391304
1.0	0.5915882678472607	0.743393602225313
1.0	0.5921416712783619	0.7438303788668752
1.0	0.5926950747094631	0.7442668519805421
1.0	0.5932484781405645	0.7447030218825981
1.0	0.5932484781405645	0.7447030218825981
1.0	0.5932484781405645	0.7447030218825981
1.0	0.5932484781405645	0.7447030218825981
1.0	0.5932484781405645	0.7447030218825981
1.0	0.5938018815716657	0.7451388888888888
1.0	0.5938018815716657	0.7451388888888888
1.0	0.5938018815716657	0.7451388888888888
1.0	0.5938018815716657	0.7451388888888888
1.0	0.5938018815716657	0.7451388888888888
1.0	0.5932484781405645	0.7447030218825981
1.0	0.5926950747094631	0.7442668519805421
1.0	0.5926950747094631	0.7442668519805421
1.0	0.5915882678472607	0.743393602225313
1.0	0.5910348644161594	0.7429565217391304
1.0	0.5910348644161594	0.7429565217391304
1.0	0.5910348644161594	0.7429565217391304
1.0	0.5910348644161594	0.7429565217391304
1.0	0.5904814609850582	0.7425191370911622
1.0	0.5904814609850582	0.7425191370911622
1.0	0.5904814609850582	0.7425191370911622
1.0	0.5899280575539568	0.7420814479638009
1.0	0.5893746541228556	0.7416434540389972
1.0	0.5893746541228556	0.7416434540389972
1.0	0.5888212506917543	0.7412051549982585
1.0	0.5882678472606531	0.7407665505226482
1.0	0.5882678472606531	0.7407665505226482
1.0	0.5882678472606531	0.7407665505226482
1.0	0.5882678472606531	0.7407665505226482
1.0	0.5882678472606531	0.7407665505226482
1.0	0.5877144438295517	0.7403276402927849
1.0	0.5877144438295517	0.7403276402927849
1.0	0.5877144438295517	0.7403276402927849
1.0	0.5877144438295517	0.7403276402927849
1.0	0.5877144438295517	0.7403276402927849
1.0	0.5871610403984505	0.7398884239888425
1.0	0.5871610403984505	0.7398884239888425
1.0	0.5871610403984505	0.7398884239888425
1.0	0.5866076369673492	0.7394489012905476
1.0	0.5866076369673492	0.7394489012905476
1.0	0.586054233536248	0.7390090718771808
1.0	0.5866076369673492	0.7394489012905476
1.0	0.5866076369673492	0.7394489012905476
1.0	0.5866076369673492	0.7394489012905476
1.0	0.5855008301051466	0.7385689354275742
1.0	0.5855008301051466	0.7385689354275742
1.0	0.5855008301051466	0.7385689354275742
1.0	0.5855008301051466	0.7385689354275742
1.0	0.5855008301051466	0.7385689354275742
1.0	0.5855008301051466	0.7385689354275742
1.0	0.5849474266740454	0.7381284916201117
1.0	0.5849474266740454	0.7381284916201117
1.0	0.5838406198118429	0.7372466806429071
1.0	0.5838406198118429	0.7372466806429071
1.0	0.5838406198118429	0.7372466806429071
1.0	0.5838406198118429	0.7372466806429071
1.0	0.5838406198118429	0.7372466806429071
1.0	0.5838406198118429	0.7372466806429071
1.0	0.5838406198118429	0.7372466806429071
1.0	0.5838406198118429	0.7372466806429071
1.0	0.5832872163807415	0.7368053128276826
1.0	0.5832872163807415	0.7368053128276826
1.0	0.5832872163807415	0.7368053128276826
1.0	0.5832872163807415	0.7368053128276826
1.0	0.5827338129496403	0.7363636363636364
1.0	0.5827338129496403	0.7363636363636364
1.0	0.5827338129496403	0.7363636363636364
1.0	0.5827338129496403	0.7363636363636364
1.0	0.582180409518539	0.7359216509268975
1.0	0.582180409518539	0.7359216509268975
1.0	0.582180409518539	0.7359216509268975
1.0	0.5816270060874378	0.7354793561931421
1.0	0.5816270060874378	0.7354793561931421
1.0	0.5816270060874378	0.7354793561931421
1.0	0.5816270060874378	0.7354793561931421
1.0	0.5810736026563365	0.7350367518375919
1.0	0.5810736026563365	0.7350367518375919
1.0	0.5810736026563365	0.7350367518375919
1.0	0.5799667957941339	0.7341506129597197
1.0	0.5794133923630327	0.7337070777855641
1.0	0.5794133923630327	0.7337070777855641
1.0	0.5794133923630327	0.7337070777855641
1.0	0.5794133923630327	0.7337070777855641
1.0	0.5794133923630327	0.7337070777855641
1.0	0.5794133923630327	0.7337070777855641
1.0	0.5794133923630327	0.7337070777855641
1.0	0.5794133923630327	0.7337070777855641
1.0	0.5799667957941339	0.7341506129597197
1.0	0.5788599889319314	0.7332632316859445
1.0	0.5788599889319314	0.7332632316859445
1.0	0.5788599889319314	0.7332632316859445
1.0	0.5788599889319314	0.7332632316859445
1.0	0.5788599889319314	0.7332632316859445
1.0	0.5788599889319314	0.7332632316859445
1.0	0.5788599889319314	0.7332632316859445
1.0	0.5788599889319314	0.7332632316859445
1.0	0.5788599889319314	0.7332632316859445
1.0	0.5788599889319314	0.7332632316859445
1.0	0.5788599889319314	0.7332632316859445
1.0	0.5783065855008301	0.7328190743338009
1.0	0.5783065855008301	0.7328190743338009
1.0	0.5788599889319314	0.7332632316859445
1.0	0.5783065855008301	0.7328190743338009
1.0	0.5777531820697288	0.7323746054016135
1.0	0.5766463752075263	0.7314847314847315
1.0	0.5766463752075263	0.7314847314847315
1.0	0.5766463752075263	0.7314847314847315
1.0	0.5766463752075263	0.7314847314847315
1.0	0.5766463752075263	0.7314847314847315
1.0	0.5766463752075263	0.7314847314847315
1.0	0.5766463752075263	0.7314847314847315
1.0	0.5766463752075263	0.7314847314847315
1.0	0.5766463752075263	0.7314847314847315
1.0	0.5766463752075263	0.7314847314847315
1.0	0.5766463752075263	0.7314847314847315
1.0	0.5766463752075263	0.7314847314847315
1.0	0.5766463752075263	0.7314847314847315
1.0	0.5766463752075263	0.7314847314847315
1.0	0.576092971776425	0.7310393258426966
1.0	0.576092971776425	0.7310393258426966
1.0	0.576092971776425	0.7310393258426966
1.0	0.576092971776425	0.7310393258426966
1.0	0.576092971776425	0.7310393258426966
1.0	0.5766463752075263	0.7314847314847315
1.0	0.5766463752075263	0.7314847314847315
1.0	0.5766463752075263	0.7314847314847315
1.0	0.5766463752075263	0.7314847314847315
1.0	0.5766463752075263	0.7314847314847315
1.0	0.5766463752075263	0.7314847314847315
1.0	0.576092971776425	0.7310393258426966
1.0	0.576092971776425	0.7310393258426966
1.0	0.576092971776425	0.7310393258426966
1.0	0.576092971776425	0.7310393258426966
1.0	0.576092971776425	0.7310393258426966
1.0	0.576092971776425	0.7310393258426966
1.0	0.576092971776425	0.7310393258426966
1.0	0.576092971776425	0.7310393258426966
1.0	0.576092971776425	0.7310393258426966
1.0	0.576092971776425	0.7310393258426966
1.0	0.576092971776425	0.7310393258426966
1.0	0.576092971776425	0.7310393258426966
1.0	0.576092971776425	0.7310393258426966
1.0	0.5766463752075263	0.7314847314847315
1.0	0.5766463752075263	0.7314847314847315
1.0	0.5766463752075263	0.7314847314847315
1.0	0.5766463752075263	0.7314847314847315
1.0	0.5771997786386276	0.7319298245614035
1.0	0.5771997786386276	0.7319298245614035
1.0	0.5771997786386276	0.7319298245614035
1.0	0.5771997786386276	0.7319298245614035
1.0	0.5766463752075263	0.7314847314847315
1.0	0.5766463752075263	0.7314847314847315
1.0	0.5766463752075263	0.7314847314847315
1.0	0.5766463752075263	0.7314847314847315
1.0	0.5771997786386276	0.7319298245614035
1.0	0.5771997786386276	0.7319298245614035
1.0	0.5766463752075263	0.7314847314847315
1.0	0.5766463752075263	0.7314847314847315
1.0	0.5766463752075263	0.7314847314847315
1.0	0.5766463752075263	0.7314847314847315
1.0	0.5766463752075263	0.7314847314847315
1.0	0.5766463752075263	0.7314847314847315
1.0	0.5766463752075263	0.7314847314847315
1.0	0.5766463752075263	0.7314847314847315
1.0	0.5766463752075263	0.7314847314847315
1.0	0.5766463752075263	0.7314847314847315
1.0	0.576092971776425	0.7310393258426966
1.0	0.576092971776425	0.7310393258426966
1.0	0.576092971776425	0.7310393258426966
1.0	0.576092971776425	0.7310393258426966
1.0	0.5755395683453237	0.730593607305936
1.0	0.5755395683453237	0.730593607305936
1.0	0.5755395683453237	0.730593607305936
1.0	0.5755395683453237	0.730593607305936
1.0	0.5755395683453237	0.730593607305936
1.0	0.5755395683453237	0.730593607305936
1.0	0.5755395683453237	0.730593607305936
1.0	0.5755395683453237	0.730593607305936
1.0	0.5755395683453237	0.730593607305936
1.0	0.5755395683453237	0.730593607305936
1.0	0.5755395683453237	0.730593607305936
1.0	0.5755395683453237	0.730593607305936
1.0	0.5755395683453237	0.730593607305936
1.0	0.5755395683453237	0.730593607305936
1.0	0.5755395683453237	0.730593607305936
1.0	0.5755395683453237	0.730593607305936
1.0	0.576092971776425	0.7310393258426966
1.0	0.576092971776425	0.7310393258426966
1.0	0.576092971776425	0.7310393258426966
1.0	0.576092971776425	0.7310393258426966
1.0	0.576092971776425	0.7310393258426966
1.0	0.576092971776425	0.7310393258426966
1.0	0.5766463752075263	0.7314847314847315
1.0	0.5766463752075263	0.7314847314847315
1.0	0.5766463752075263	0.7314847314847315
1.0	0.5766463752075263	0.7314847314847315
1.0	0.5766463752075263	0.7314847314847315
1.0	0.576092971776425	0.7310393258426966
1.0	0.5755395683453237	0.730593607305936
1.0	0.5755395683453237	0.730593607305936
1.0	0.5755395683453237	0.730593607305936
1.0	0.5755395683453237	0.730593607305936
1.0	0.5755395683453237	0.730593607305936
1.0	0.5755395683453237	0.730593607305936
1.0	0.5755395683453237	0.730593607305936
1.0	0.5755395683453237	0.730593607305936
1.0	0.5749861649142225	0.7301475755446241
1.0	0.5744327614831212	0.7297012302284709
1.0	0.5744327614831212	0.7297012302284709
1.0	0.5744327614831212	0.7297012302284709
1.0	0.5744327614831212	0.7297012302284709
1.0	0.5744327614831212	0.7297012302284709
1.0	0.5744327614831212	0.7297012302284709
1.0	0.5744327614831212	0.7297012302284709
1.0	0.57387935805202	0.729254571026723
1.0	0.57387935805202	0.729254571026723
1.0	0.57387935805202	0.729254571026723
1.0	0.5744327614831212	0.7297012302284709
1.0	0.5744327614831212	0.7297012302284709
1.0	0.5744327614831212	0.7297012302284709
1.0	0.5744327614831212	0.7297012302284709
1.0	0.5744327614831212	0.7297012302284709
1.0	0.5744327614831212	0.7297012302284709
1.0	0.5749861649142225	0.7301475755446241
1.0	0.5749861649142225	0.7301475755446241
1.0	0.5749861649142225	0.7301475755446241
1.0	0.5749861649142225	0.7301475755446241
1.0	0.576092971776425	0.7310393258426966
1.0	0.576092971776425	0.7310393258426966
1.0	0.576092971776425	0.7310393258426966
1.0	0.576092971776425	0.7310393258426966
1.0	0.5755395683453237	0.730593607305936
1.0	0.5755395683453237	0.730593607305936
1.0	0.5755395683453237	0.730593607305936
1.0	0.5755395683453237	0.730593607305936
1.0	0.5755395683453237	0.730593607305936
1.0	0.5755395683453237	0.730593607305936
1.0	0.5755395683453237	0.730593607305936
1.0	0.5755395683453237	0.730593607305936
1.0	0.5755395683453237	0.730593607305936
1.0	0.5755395683453237	0.730593607305936
1.0	0.5755395683453237	0.730593607305936
1.0	0.5755395683453237	0.730593607305936
1.0	0.5755395683453237	0.730593607305936
1.0	0.5755395683453237	0.730593607305936
1.0	0.5755395683453237	0.730593607305936
1.0	0.5755395683453237	0.730593607305936
1.0	0.576092971776425	0.7310393258426966
1.0	0.576092971776425	0.7310393258426966
1.0	0.576092971776425	0.7310393258426966
1.0	0.576092971776425	0.7310393258426966
1.0	0.5755395683453237	0.730593607305936
1.0	0.5755395683453237	0.730593607305936
1.0	0.5744327614831212	0.7297012302284709
1.0	0.5749861649142225	0.7301475755446241
1.0	0.5749861649142225	0.7301475755446241
1.0	0.5749861649142225	0.7301475755446241
1.0	0.5749861649142225	0.7301475755446241
1.0	0.5749861649142225	0.7301475755446241
1.0	0.5744327614831212	0.7297012302284709
1.0	0.5744327614831212	0.7297012302284709
1.0	0.5744327614831212	0.7297012302284709
1.0	0.5744327614831212	0.7297012302284709
1.0	0.5744327614831212	0.7297012302284709
1.0	0.5744327614831212	0.7297012302284709
1.0	0.5744327614831212	0.7297012302284709
1.0	0.5744327614831212	0.7297012302284709
1.0	0.5744327614831212	0.7297012302284709
1.0	0.5744327614831212	0.7297012302284709
1.0	0.5744327614831212	0.7297012302284709
1.0	0.5744327614831212	0.7297012302284709
1.0	0.5744327614831212	0.7297012302284709
1.0	0.5744327614831212	0.7297012302284709
1.0	0.57387935805202	0.729254571026723
1.0	0.57387935805202	0.729254571026723
1.0	0.57387935805202	0.729254571026723
1.0	0.57387935805202	0.729254571026723
1.0	0.57387935805202	0.729254571026723
1.0	0.57387935805202	0.729254571026723
1.0	0.57387935805202	0.729254571026723
1.0	0.5744327614831212	0.7297012302284709
1.0	0.5744327614831212	0.7297012302284709
1.0	0.5744327614831212	0.7297012302284709
1.0	0.5744327614831212	0.7297012302284709
1.0	0.5749861649142225	0.7301475755446241
1.0	0.5749861649142225	0.7301475755446241
1.0	0.5749861649142225	0.7301475755446241
1.0	0.5749861649142225	0.7301475755446241
1.0	0.5749861649142225	0.7301475755446241
1.0	0.5749861649142225	0.7301475755446241
1.0	0.5749861649142225	0.7301475755446241
1.0	0.5744327614831212	0.7297012302284709
1.0	0.5744327614831212	0.7297012302284709
1.0	0.5744327614831212	0.7297012302284709
1.0	0.5749861649142225	0.7301475755446241
1.0	0.5749861649142225	0.7301475755446241
1.0	0.5749861649142225	0.7301475755446241
1.0	0.5749861649142225	0.7301475755446241
1.0	0.5749861649142225	0.7301475755446241
1.0	0.5755395683453237	0.730593607305936
1.0	0.5755395683453237	0.730593607305936
1.0	0.5755395683453237	0.730593607305936
1.0	0.5755395683453237	0.730593607305936
1.0	0.5755395683453237	0.730593607305936
1.0	0.5755395683453237	0.730593607305936
1.0	0.576092971776425	0.7310393258426966
1.0	0.5766463752075263	0.7314847314847315
1.0	0.5771997786386276	0.7319298245614035
1.0	0.5771997786386276	0.7319298245614035
1.0	0.5777531820697288	0.7323746054016135
1.0	0.5777531820697288	0.7323746054016135
1.0	0.5771997786386276	0.7319298245614035
1.0	0.5771997786386276	0.7319298245614035
1.0	0.5771997786386276	0.7319298245614035
1.0	0.5771997786386276	0.7319298245614035
1.0	0.5771997786386276	0.7319298245614035
1.0	0.5771997786386276	0.7319298245614035
1.0	0.5771997786386276	0.7319298245614035
1.0	0.5771997786386276	0.7319298245614035
1.0	0.5771997786386276	0.7319298245614035
1.0	0.5771997786386276	0.7319298245614035
1.0	0.5771997786386276	0.7319298245614035
1.0	0.5771997786386276	0.7319298245614035
1.0	0.5771997786386276	0.7319298245614035
1.0	0.5771997786386276	0.7319298245614035
1.0	0.5766463752075263	0.7314847314847315
1.0	0.5766463752075263	0.7314847314847315
1.0	0.5766463752075263	0.7314847314847315
1.0	0.5766463752075263	0.7314847314847315
1.0	0.5766463752075263	0.7314847314847315
1.0	0.5766463752075263	0.7314847314847315
1.0	0.5766463752075263	0.7314847314847315
1.0	0.5766463752075263	0.7314847314847315
1.0	0.5766463752075263	0.7314847314847315
1.0	0.5766463752075263	0.7314847314847315
1.0	0.5766463752075263	0.7314847314847315
1.0	0.5771997786386276	0.7319298245614035
1.0	0.5771997786386276	0.7319298245614035
1.0	0.5771997786386276	0.7319298245614035
1.0	0.5771997786386276	0.7319298245614035
1.0	0.5771997786386276	0.7319298245614035
1.0	0.5771997786386276	0.7319298245614035
1.0	0.5771997786386276	0.7319298245614035
1.0	0.5771997786386276	0.7319298245614035
1.0	0.5771997786386276	0.7319298245614035
1.0	0.5771997786386276	0.7319298245614035
1.0	0.5771997786386276	0.7319298245614035
1.0	0.5771997786386276	0.7319298245614035
1.0	0.5771997786386276	0.7319298245614035
1.0	0.5771997786386276	0.7319298245614035
1.0	0.5771997786386276	0.7319298245614035
1.0	0.5771997786386276	0.7319298245614035
1.0	0.5771997786386276	0.7319298245614035
1.0	0.5771997786386276	0.7319298245614035
1.0	0.5771997786386276	0.7319298245614035
1.0	0.5771997786386276	0.7319298245614035
1.0	0.5771997786386276	0.7319298245614035
1.0	0.5771997786386276	0.7319298245614035
1.0	0.5771997786386276	0.7319298245614035
1.0	0.5771997786386276	0.7319298245614035
1.0	0.5771997786386276	0.7319298245614035
1.0	0.5771997786386276	0.7319298245614035
1.0	0.5771997786386276	0.7319298245614035
1.0	0.5771997786386276	0.7319298245614035
1.0	0.5771997786386276	0.7319298245614035
1.0	0.5771997786386276	0.7319298245614035
1.0	0.5771997786386276	0.7319298245614035
1.0	0.5771997786386276	0.7319298245614035
1.0	0.5771997786386276	0.7319298245614035
1.0	0.5771997786386276	0.7319298245614035
1.0	0.5771997786386276	0.7319298245614035
1.0	0.5771997786386276	0.7319298245614035
1.0	0.5766463752075263	0.7314847314847315
1.0	0.5771997786386276	0.7319298245614035
1.0	0.5771997786386276	0.7319298245614035
1.0	0.5771997786386276	0.7319298245614035
1.0	0.5766463752075263	0.7314847314847315
1.0	0.5771997786386276	0.7319298245614035
1.0	0.5771997786386276	0.7319298245614035
1.0	0.5771997786386276	0.7319298245614035
1.0	0.5766463752075263	0.7314847314847315
1.0	0.5766463752075263	0.7314847314847315
1.0	0.5766463752075263	0.7314847314847315
1.0	0.5766463752075263	0.7314847314847315
1.0	0.5766463752075263	0.7314847314847315
1.0	0.5766463752075263	0.7314847314847315
1.0	0.5766463752075263	0.7314847314847315
1.0	0.5766463752075263	0.7314847314847315
1.0	0.5766463752075263	0.7314847314847315
1.0	0.5766463752075263	0.7314847314847315
1.0	0.5766463752075263	0.7314847314847315
1.0	0.5766463752075263	0.7314847314847315
1.0	0.5766463752075263	0.7314847314847315
1.0	0.5771997786386276	0.7319298245614035
1.0	0.5771997786386276	0.7319298245614035
1.0	0.5771997786386276	0.7319298245614035
1.0	0.5771997786386276	0.7319298245614035
1.0	0.5771997786386276	0.7319298245614035
1.0	0.5771997786386276	0.7319298245614035
1.0	0.5771997786386276	0.7319298245614035
1.0	0.5771997786386276	0.7319298245614035
1.0	0.5771997786386276	0.7319298245614035
1.0	0.5771997786386276	0.7319298245614035
1.0	0.5771997786386276	0.7319298245614035
1.0	0.5771997786386276	0.7319298245614035
1.0	0.5771997786386276	0.7319298245614035
1.0	0.5771997786386276	0.7319298245614035
1.0	0.5771997786386276	0.7319298245614035
1.0	0.5771997786386276	0.7319298245614035
1.0	0.5771997786386276	0.7319298245614035
1.0	0.5777531820697288	0.7323746054016135
1.0	0.5777531820697288	0.7323746054016135
1.0	0.5777531820697288	0.7323746054016135
1.0	0.5777531820697288	0.7323746054016135
1.0	0.5777531820697288	0.7323746054016135
1.0	0.5777531820697288	0.7323746054016135
1.0	0.5777531820697288	0.7323746054016135
1.0	0.5777531820697288	0.7323746054016135
1.0	0.5777531820697288	0.7323746054016135
1.0	0.5777531820697288	0.7323746054016135
1.0	0.5777531820697288	0.7323746054016135
1.0	0.5777531820697288	0.7323746054016135
1.0	0.5777531820697288	0.7323746054016135
1.0	0.5777531820697288	0.7323746054016135
1.0	0.5777531820697288	0.7323746054016135
1.0	0.5777531820697288	0.7323746054016135
1.0	0.5777531820697288	0.7323746054016135
1.0	0.5777531820697288	0.7323746054016135
1.0	0.5777531820697288	0.7323746054016135
1.0	0.5777531820697288	0.7323746054016135
1.0	0.5777531820697288	0.7323746054016135
1.0	0.5777531820697288	0.7323746054016135
1.0	0.5777531820697288	0.7323746054016135
1.0	0.5777531820697288	0.7323746054016135
1.0	0.5777531820697288	0.7323746054016135
1.0	0.5771997786386276	0.7319298245614035
1.0	0.5771997786386276	0.7319298245614035
1.0	0.5766463752075263	0.7314847314847315
1.0	0.5766463752075263	0.7314847314847315
1.0	0.5766463752075263	0.7314847314847315
1.0	0.5766463752075263	0.7314847314847315
1.0	0.5766463752075263	0.7314847314847315
1.0	0.5766463752075263	0.7314847314847315
1.0	0.5766463752075263	0.7314847314847315
1.0	0.5766463752075263	0.7314847314847315
1.0	0.5766463752075263	0.7314847314847315
1.0	0.5766463752075263	0.7314847314847315
1.0	0.5766463752075263	0.7314847314847315
1.0	0.5766463752075263	0.7314847314847315
1.0	0.5766463752075263	0.7314847314847315
1.0	0.5766463752075263	0.7314847314847315
1.0	0.5766463752075263	0.7314847314847315
1.0	0.5766463752075263	0.7314847314847315
1.0	0.5766463752075263	0.7314847314847315
1.0	0.5766463752075263	0.7314847314847315
1.0	0.5766463752075263	0.7314847314847315
1.0	0.5766463752075263	0.7314847314847315
1.0	0.576092971776425	0.7310393258426966
1.0	0.576092971776425	0.7310393258426966
1.0	0.576092971776425	0.7310393258426966
1.0	0.576092971776425	0.7310393258426966
1.0	0.576092971776425	0.7310393258426966
1.0	0.5766463752075263	0.7314847314847315
1.0	0.5766463752075263	0.7314847314847315
1.0	0.5766463752075263	0.7314847314847315
1.0	0.5766463752075263	0.7314847314847315
1.0	0.5766463752075263	0.7314847314847315
1.0	0.5766463752075263	0.7314847314847315
1.0	0.5766463752075263	0.7314847314847315
1.0	0.5755395683453237	0.730593607305936
1.0	0.5755395683453237	0.730593607305936
1.0	0.5755395683453237	0.730593607305936
1.0	0.5755395683453237	0.730593607305936
1.0	0.5755395683453237	0.730593607305936
1.0	0.5755395683453237	0.730593607305936
1.0	0.5755395683453237	0.730593607305936
1.0	0.5755395683453237	0.730593607305936
1.0	0.5755395683453237	0.730593607305936
1.0	0.5749861649142225	0.7301475755446241
1.0	0.5749861649142225	0.7301475755446241
1.0	0.5749861649142225	0.7301475755446241
1.0	0.5749861649142225	0.7301475755446241
1.0	0.5749861649142225	0.7301475755446241
1.0	0.5749861649142225	0.7301475755446241
1.0	0.5749861649142225	0.7301475755446241
1.0	0.5749861649142225	0.7301475755446241
1.0	0.5749861649142225	0.7301475755446241
1.0	0.5744327614831212	0.7297012302284709
1.0	0.5744327614831212	0.7297012302284709
1.0	0.5744327614831212	0.7297012302284709
1.0	0.5744327614831212	0.7297012302284709
1.0	0.5744327614831212	0.7297012302284709
1.0	0.5744327614831212	0.7297012302284709
1.0	0.5744327614831212	0.7297012302284709
1.0	0.5744327614831212	0.7297012302284709
1.0	0.5744327614831212	0.7297012302284709
1.0	0.5744327614831212	0.7297012302284709
1.0	0.5744327614831212	0.7297012302284709
1.0	0.5744327614831212	0.7297012302284709
1.0	0.57387935805202	0.729254571026723
1.0	0.57387935805202	0.729254571026723
1.0	0.57387935805202	0.729254571026723
1.0	0.57387935805202	0.729254571026723
1.0	0.5733259546209186	0.7288075976081604
1.0	0.5733259546209186	0.7288075976081604
1.0	0.5733259546209186	0.7288075976081604
1.0	0.5733259546209186	0.7288075976081604
1.0	0.5733259546209186	0.7288075976081604
1.0	0.5733259546209186	0.7288075976081604
1.0	0.5733259546209186	0.7288075976081604
1.0	0.5733259546209186	0.7288075976081604
1.0	0.5733259546209186	0.7288075976081604
1.0	0.5733259546209186	0.7288075976081604
1.0	0.5733259546209186	0.7288075976081604
1.0	0.5733259546209186	0.7288075976081604
1.0	0.5733259546209186	0.7288075976081604
1.0	0.5733259546209186	0.7288075976081604
1.0	0.5733259546209186	0.7288075976081604
1.0	0.5733259546209186	0.7288075976081604
1.0	0.5733259546209186	0.7288075976081604
1.0	0.5733259546209186	0.7288075976081604
1.0	0.5727725511898174	0.7283603096410979
1.0	0.5727725511898174	0.7283603096410979
1.0	0.5727725511898174	0.7283603096410979
1.0	0.5727725511898174	0.7283603096410979
1.0	0.5727725511898174	0.7283603096410979
1.0	0.5716657443276149	0.7274647887323943
1.0	0.5716657443276149	0.7274647887323943
1.0	0.5716657443276149	0.7274647887323943
1.0	0.5716657443276149	0.7274647887323943
1.0	0.5716657443276149	0.7274647887323943
1.0	0.5716657443276149	0.7274647887323943
1.0	0.5716657443276149	0.7274647887323943
1.0	0.5716657443276149	0.7274647887323943
1.0	0.5722191477587161	0.7279127067933826
1.0	0.5722191477587161	0.7279127067933826
1.0	0.5722191477587161	0.7279127067933826
1.0	0.5722191477587161	0.7279127067933826
1.0	0.5722191477587161	0.7279127067933826
1.0	0.5722191477587161	0.7279127067933826
1.0	0.5716657443276149	0.7274647887323943
1.0	0.5716657443276149	0.7274647887323943
1.0	0.5716657443276149	0.7274647887323943
1.0	0.5716657443276149	0.7274647887323943
1.0	0.5716657443276149	0.7274647887323943
1.0	0.5716657443276149	0.7274647887323943
1.0	0.5716657443276149	0.7274647887323943
1.0	0.5716657443276149	0.7274647887323943
1.0	0.5716657443276149	0.7274647887323943
1.0	0.5716657443276149	0.7274647887323943
1.0	0.5716657443276149	0.7274647887323943
1.0	0.5716657443276149	0.7274647887323943
1.0	0.5716657443276149	0.7274647887323943
1.0	0.5716657443276149	0.7274647887323943
1.0	0.5716657443276149	0.7274647887323943
1.0	0.5716657443276149	0.7274647887323943
1.0	0.5722191477587161	0.7279127067933826
1.0	0.5722191477587161	0.7279127067933826
1.0	0.5722191477587161	0.7279127067933826
1.0	0.5722191477587161	0.7279127067933826
1.0	0.5727725511898174	0.7283603096410979
1.0	0.5727725511898174	0.7283603096410979
1.0	0.5727725511898174	0.7283603096410979
1.0	0.5727725511898174	0.7283603096410979
1.0	0.5727725511898174	0.7283603096410979
1.0	0.5727725511898174	0.7283603096410979
1.0	0.5727725511898174	0.7283603096410979
1.0	0.5727725511898174	0.7283603096410979
1.0	0.5727725511898174	0.7283603096410979
1.0	0.5727725511898174	0.7283603096410979
1.0	0.5727725511898174	0.7283603096410979
1.0	0.5727725511898174	0.7283603096410979
1.0	0.5727725511898174	0.7283603096410979
1.0	0.5727725511898174	0.7283603096410979
1.0	0.5727725511898174	0.7283603096410979
1.0	0.5727725511898174	0.7283603096410979
1.0	0.5727725511898174	0.7283603096410979
1.0	0.5727725511898174	0.7283603096410979
1.0	0.5727725511898174	0.7283603096410979
1.0	0.5727725511898174	0.7283603096410979
1.0	0.5733259546209186	0.7288075976081604
1.0	0.5733259546209186	0.7288075976081604
1.0	0.5733259546209186	0.7288075976081604
1.0	0.5733259546209186	0.7288075976081604
1.0	0.5733259546209186	0.7288075976081604
1.0	0.5733259546209186	0.7288075976081604
1.0	0.5733259546209186	0.7288075976081604
1.0	0.5733259546209186	0.7288075976081604
1.0	0.5733259546209186	0.7288075976081604
1.0	0.5733259546209186	0.7288075976081604
1.0	0.5733259546209186	0.7288075976081604
1.0	0.5733259546209186	0.7288075976081604
1.0	0.5733259546209186	0.7288075976081604
1.0	0.5733259546209186	0.7288075976081604
1.0	0.5733259546209186	0.7288075976081604
1.0	0.5733259546209186	0.7288075976081604
1.0	0.5733259546209186	0.7288075976081604
1.0	0.5733259546209186	0.7288075976081604
1.0	0.5733259546209186	0.7288075976081604
1.0	0.5733259546209186	0.7288075976081604
1.0	0.5733259546209186	0.7288075976081604
1.0	0.5733259546209186	0.7288075976081604
1.0	0.5733259546209186	0.7288075976081604
1.0	0.5733259546209186	0.7288075976081604
1.0	0.5733259546209186	0.7288075976081604
1.0	0.5733259546209186	0.7288075976081604
1.0	0.5733259546209186	0.7288075976081604
1.0	0.5733259546209186	0.7288075976081604
1.0	0.5733259546209186	0.7288075976081604
1.0	0.5733259546209186	0.7288075976081604
1.0	0.5733259546209186	0.7288075976081604
1.0	0.5733259546209186	0.7288075976081604
1.0	0.5733259546209186	0.7288075976081604
1.0	0.5733259546209186	0.7288075976081604
1.0	0.5727725511898174	0.7283603096410979
1.0	0.5727725511898174	0.7283603096410979
1.0	0.5722191477587161	0.7279127067933826
1.0	0.5722191477587161	0.7279127067933826
1.0	0.5727725511898174	0.7283603096410979
1.0	0.5733259546209186	0.7288075976081604
1.0	0.5733259546209186	0.7288075976081604
1.0	0.5733259546209186	0.7288075976081604
1.0	0.5733259546209186	0.7288075976081604
1.0	0.5733259546209186	0.7288075976081604
1.0	0.5733259546209186	0.7288075976081604
1.0	0.5733259546209186	0.7288075976081604
1.0	0.5733259546209186	0.7288075976081604
1.0	0.5733259546209186	0.7288075976081604
1.0	0.5733259546209186	0.7288075976081604
1.0	0.57387935805202	0.729254571026723
1.0	0.57387935805202	0.729254571026723
1.0	0.57387935805202	0.729254571026723
1.0	0.57387935805202	0.729254571026723
1.0	0.57387935805202	0.729254571026723
1.0	0.57387935805202	0.729254571026723
1.0	0.57387935805202	0.729254571026723
1.0	0.57387935805202	0.729254571026723
1.0	0.57387935805202	0.729254571026723
1.0	0.57387935805202	0.729254571026723
1.0	0.57387935805202	0.729254571026723
1.0	0.57387935805202	0.729254571026723
1.0	0.57387935805202	0.729254571026723
1.0	0.57387935805202	0.729254571026723
1.0	0.57387935805202	0.729254571026723
1.0	0.57387935805202	0.729254571026723
1.0	0.57387935805202	0.729254571026723
1.0	0.57387935805202	0.729254571026723
1.0	0.57387935805202	0.729254571026723
1.0	0.57387935805202	0.729254571026723
1.0	0.57387935805202	0.729254571026723
1.0	0.57387935805202	0.729254571026723
1.0	0.57387935805202	0.729254571026723
1.0	0.57387935805202	0.729254571026723
1.0	0.57387935805202	0.729254571026723
1.0	0.57387935805202	0.729254571026723
1.0	0.57387935805202	0.729254571026723
1.0	0.57387935805202	0.729254571026723
1.0	0.57387935805202	0.729254571026723
1.0	0.57387935805202	0.729254571026723
1.0	0.57387935805202	0.729254571026723
1.0	0.57387935805202	0.729254571026723
1.0	0.57387935805202	0.729254571026723
1.0	0.57387935805202	0.729254571026723
1.0	0.57387935805202	0.729254571026723
1.0	0.57387935805202	0.729254571026723
1.0	0.57387935805202	0.729254571026723
1.0	0.57387935805202	0.729254571026723
1.0	0.57387935805202	0.729254571026723
1.0	0.57387935805202	0.729254571026723
1.0	0.57387935805202	0.729254571026723
1.0	0.57387935805202	0.729254571026723
1.0	0.57387935805202	0.729254571026723
1.0	0.57387935805202	0.729254571026723
1.0	0.57387935805202	0.729254571026723
1.0	0.57387935805202	0.729254571026723
1.0	0.57387935805202	0.729254571026723
1.0	0.57387935805202	0.729254571026723
1.0	0.57387935805202	0.729254571026723
1.0	0.57387935805202	0.729254571026723
1.0	0.57387935805202	0.729254571026723
1.0	0.57387935805202	0.729254571026723
1.0	0.57387935805202	0.729254571026723
1.0	0.5744327614831212	0.7297012302284709
1.0	0.5744327614831212	0.7297012302284709
1.0	0.5744327614831212	0.7297012302284709
1.0	0.5744327614831212	0.7297012302284709
1.0	0.5744327614831212	0.7297012302284709
1.0	0.5744327614831212	0.7297012302284709
1.0	0.5744327614831212	0.7297012302284709
1.0	0.5744327614831212	0.7297012302284709
1.0	0.5744327614831212	0.7297012302284709
1.0	0.5744327614831212	0.7297012302284709
1.0	0.5744327614831212	0.7297012302284709
1.0	0.5744327614831212	0.7297012302284709
1.0	0.5744327614831212	0.7297012302284709
1.0	0.5744327614831212	0.7297012302284709
1.0	0.5744327614831212	0.7297012302284709
1.0	0.5744327614831212	0.7297012302284709
1.0	0.5744327614831212	0.7297012302284709
1.0	0.5744327614831212	0.7297012302284709
1.0	0.5744327614831212	0.7297012302284709
1.0	0.5744327614831212	0.7297012302284709
1.0	0.5744327614831212	0.7297012302284709
1.0	0.5744327614831212	0.7297012302284709
1.0	0.5744327614831212	0.7297012302284709
1.0	0.5744327614831212	0.7297012302284709
1.0	0.5744327614831212	0.7297012302284709
1.0	0.5744327614831212	0.7297012302284709
1.0	0.5744327614831212	0.7297012302284709
1.0	0.5744327614831212	0.7297012302284709
1.0	0.5744327614831212	0.7297012302284709
1.0	0.5744327614831212	0.7297012302284709
1.0	0.5744327614831212	0.7297012302284709
1.0	0.5744327614831212	0.7297012302284709
1.0	0.5744327614831212	0.7297012302284709
1.0	0.5744327614831212	0.7297012302284709
1.0	0.5744327614831212	0.7297012302284709
1.0	0.5744327614831212	0.7297012302284709
1.0	0.5744327614831212	0.7297012302284709
1.0	0.5744327614831212	0.7297012302284709
1.0	0.5744327614831212	0.7297012302284709
1.0	0.5744327614831212	0.7297012302284709
1.0	0.5744327614831212	0.7297012302284709
1.0	0.5744327614831212	0.7297012302284709
1.0	0.5744327614831212	0.7297012302284709
1.0	0.5744327614831212	0.7297012302284709
1.0	0.5744327614831212	0.7297012302284709
1.0	0.5744327614831212	0.7297012302284709
1.0	0.5744327614831212	0.7297012302284709
1.0	0.5744327614831212	0.7297012302284709
1.0	0.5744327614831212	0.7297012302284709
1.0	0.5744327614831212	0.7297012302284709
1.0	0.5744327614831212	0.7297012302284709
1.0	0.5744327614831212	0.7297012302284709
1.0	0.5744327614831212	0.7297012302284709
1.0	0.5744327614831212	0.7297012302284709
1.0	0.5744327614831212	0.7297012302284709
1.0	0.5744327614831212	0.7297012302284709
1.0	0.57387935805202	0.729254571026723
1.0	0.57387935805202	0.729254571026723
1.0	0.5733259546209186	0.7288075976081604
1.0	0.5727725511898174	0.7283603096410979
1.0	0.5727725511898174	0.7283603096410979
1.0	0.5727725511898174	0.7283603096410979
1.0	0.5727725511898174	0.7283603096410979
1.0	0.5727725511898174	0.7283603096410979
1.0	0.5727725511898174	0.7283603096410979
1.0	0.5727725511898174	0.7283603096410979
1.0	0.5727725511898174	0.7283603096410979
1.0	0.5727725511898174	0.7283603096410979
1.0	0.5727725511898174	0.7283603096410979
1.0	0.5727725511898174	0.7283603096410979
1.0	0.5727725511898174	0.7283603096410979
1.0	0.5727725511898174	0.7283603096410979
1.0	0.5727725511898174	0.7283603096410979
1.0	0.5727725511898174	0.7283603096410979
1.0	0.5727725511898174	0.7283603096410979
1.0	0.5727725511898174	0.7283603096410979
1.0	0.5727725511898174	0.7283603096410979
1.0	0.5727725511898174	0.7283603096410979
1.0	0.5733259546209186	0.7288075976081604
1.0	0.5733259546209186	0.7288075976081604
1.0	0.5733259546209186	0.7288075976081604
1.0	0.5733259546209186	0.7288075976081604
1.0	0.5733259546209186	0.7288075976081604
1.0	0.5733259546209186	0.7288075976081604
1.0	0.5733259546209186	0.7288075976081604
1.0	0.5733259546209186	0.7288075976081604
1.0	0.5733259546209186	0.7288075976081604
1.0	0.5733259546209186	0.7288075976081604
1.0	0.5733259546209186	0.7288075976081604
1.0	0.5733259546209186	0.7288075976081604
1.0	0.5733259546209186	0.7288075976081604
1.0	0.5733259546209186	0.7288075976081604
1.0	0.5733259546209186	0.7288075976081604
1.0	0.5733259546209186	0.7288075976081604
1.0	0.5733259546209186	0.7288075976081604
1.0	0.5733259546209186	0.7288075976081604
1.0	0.5733259546209186	0.7288075976081604
1.0	0.5733259546209186	0.7288075976081604
1.0	0.5733259546209186	0.7288075976081604
1.0	0.57387935805202	0.729254571026723
1.0	0.57387935805202	0.729254571026723
1.0	0.57387935805202	0.729254571026723
1.0	0.57387935805202	0.729254571026723
1.0	0.57387935805202	0.729254571026723
1.0	0.57387935805202	0.729254571026723
1.0	0.57387935805202	0.729254571026723
1.0	0.57387935805202	0.729254571026723
1.0	0.57387935805202	0.729254571026723
1.0	0.57387935805202	0.729254571026723
1.0	0.57387935805202	0.729254571026723
1.0	0.57387935805202	0.729254571026723
1.0	0.57387935805202	0.729254571026723
1.0	0.57387935805202	0.729254571026723
1.0	0.57387935805202	0.729254571026723
1.0	0.57387935805202	0.729254571026723
1.0	0.5733259546209186	0.7288075976081604
1.0	0.5733259546209186	0.7288075976081604
1.0	0.5733259546209186	0.7288075976081604
1.0	0.5733259546209186	0.7288075976081604
1.0	0.5733259546209186	0.7288075976081604
1.0	0.5733259546209186	0.7288075976081604
1.0	0.5733259546209186	0.7288075976081604
1.0	0.5733259546209186	0.7288075976081604
1.0	0.5733259546209186	0.7288075976081604
1.0	0.5733259546209186	0.7288075976081604
1.0	0.5733259546209186	0.7288075976081604
1.0	0.5733259546209186	0.7288075976081604
1.0	0.5733259546209186	0.7288075976081604
1.0	0.5733259546209186	0.7288075976081604
1.0	0.5733259546209186	0.7288075976081604
1.0	0.5733259546209186	0.7288075976081604
1.0	0.5733259546209186	0.7288075976081604
1.0	0.5733259546209186	0.7288075976081604
1.0	0.5733259546209186	0.7288075976081604
1.0	0.5733259546209186	0.7288075976081604
1.0	0.5733259546209186	0.7288075976081604
1.0	0.5733259546209186	0.7288075976081604
1.0	0.5733259546209186	0.7288075976081604
1.0	0.5733259546209186	0.7288075976081604
1.0	0.5733259546209186	0.7288075976081604
1.0	0.5733259546209186	0.7288075976081604
1.0	0.5733259546209186	0.7288075976081604
1.0	0.5733259546209186	0.7288075976081604
1.0	0.5733259546209186	0.7288075976081604
1.0	0.5733259546209186	0.7288075976081604
1.0	0.5733259546209186	0.7288075976081604
1.0	0.5733259546209186	0.7288075976081604
1.0	0.5733259546209186	0.7288075976081604
1.0	0.5733259546209186	0.7288075976081604
1.0	0.5733259546209186	0.7288075976081604
1.0	0.5733259546209186	0.7288075976081604
1.0	0.5733259546209186	0.7288075976081604
1.0	0.5733259546209186	0.7288075976081604
1.0	0.5733259546209186	0.7288075976081604
1.0	0.5733259546209186	0.7288075976081604
1.0	0.5733259546209186	0.7288075976081604
1.0	0.5733259546209186	0.7288075976081604
1.0	0.5733259546209186	0.7288075976081604
1.0	0.5733259546209186	0.7288075976081604
1.0	0.5733259546209186	0.7288075976081604
1.0	0.5733259546209186	0.7288075976081604
1.0	0.5733259546209186	0.7288075976081604
1.0	0.57387935805202	0.729254571026723
1.0	0.57387935805202	0.729254571026723
1.0	0.57387935805202	0.729254571026723
1.0	0.57387935805202	0.729254571026723
1.0	0.57387935805202	0.729254571026723
1.0	0.57387935805202	0.729254571026723
1.0	0.57387935805202	0.729254571026723
1.0	0.57387935805202	0.729254571026723
1.0	0.57387935805202	0.729254571026723
1.0	0.57387935805202	0.729254571026723
1.0	0.57387935805202	0.729254571026723
1.0	0.57387935805202	0.729254571026723
1.0	0.57387935805202	0.729254571026723
1.0	0.57387935805202	0.729254571026723
1.0	0.57387935805202	0.729254571026723
1.0	0.57387935805202	0.729254571026723
1.0	0.57387935805202	0.729254571026723
1.0	0.57387935805202	0.729254571026723
1.0	0.57387935805202	0.729254571026723
1.0	0.57387935805202	0.729254571026723
1.0	0.57387935805202	0.729254571026723
1.0	0.57387935805202	0.729254571026723
1.0	0.57387935805202	0.729254571026723
1.0	0.57387935805202	0.729254571026723
1.0	0.57387935805202	0.729254571026723
1.0	0.57387935805202	0.729254571026723
1.0	0.57387935805202	0.729254571026723
1.0	0.57387935805202	0.729254571026723
1.0	0.57387935805202	0.729254571026723
1.0	0.5744327614831212	0.7297012302284709
1.0	0.5744327614831212	0.7297012302284709
1.0	0.5744327614831212	0.7297012302284709
1.0	0.5744327614831212	0.7297012302284709
1.0	0.5749861649142225	0.7301475755446241
1.0	0.5749861649142225	0.7301475755446241
1.0	0.5749861649142225	0.7301475755446241
1.0	0.5749861649142225	0.7301475755446241
1.0	0.5749861649142225	0.7301475755446241
1.0	0.5749861649142225	0.7301475755446241
1.0	0.5749861649142225	0.7301475755446241
1.0	0.5744327614831212	0.7297012302284709
1.0	0.5744327614831212	0.7297012302284709
1.0	0.57387935805202	0.729254571026723
1.0	0.57387935805202	0.729254571026723
1.0	0.57387935805202	0.729254571026723
1.0	0.57387935805202	0.729254571026723
1.0	0.57387935805202	0.729254571026723
1.0	0.57387935805202	0.729254571026723
1.0	0.57387935805202	0.729254571026723
1.0	0.57387935805202	0.729254571026723
1.0	0.57387935805202	0.729254571026723
1.0	0.57387935805202	0.729254571026723
1.0	0.57387935805202	0.729254571026723
1.0	0.57387935805202	0.729254571026723
1.0	0.57387935805202	0.729254571026723
1.0	0.57387935805202	0.729254571026723
1.0	0.57387935805202	0.729254571026723
1.0	0.57387935805202	0.729254571026723
1.0	0.57387935805202	0.729254571026723
1.0	0.57387935805202	0.729254571026723
1.0	0.57387935805202	0.729254571026723
1.0	0.57387935805202	0.729254571026723
1.0	0.57387935805202	0.729254571026723
1.0	0.57387935805202	0.729254571026723
1.0	0.57387935805202	0.729254571026723
1.0	0.57387935805202	0.729254571026723
1.0	0.57387935805202	0.729254571026723
1.0	0.57387935805202	0.729254571026723
1.0	0.57387935805202	0.729254571026723
1.0	0.57387935805202	0.729254571026723
1.0	0.57387935805202	0.729254571026723
1.0	0.57387935805202	0.729254571026723
1.0	0.57387935805202	0.729254571026723
1.0	0.57387935805202	0.729254571026723
1.0	0.57387935805202	0.729254571026723
1.0	0.57387935805202	0.729254571026723
1.0	0.57387935805202	0.729254571026723
1.0	0.57387935805202	0.729254571026723
1.0	0.57387935805202	0.729254571026723
1.0	0.57387935805202	0.729254571026723
1.0	0.57387935805202	0.729254571026723
1.0	0.57387935805202	0.729254571026723
1.0	0.57387935805202	0.729254571026723
1.0	0.57387935805202	0.729254571026723
1.0	0.57387935805202	0.729254571026723
1.0	0.57387935805202	0.729254571026723
1.0	0.57387935805202	0.729254571026723
1.0	0.57387935805202	0.729254571026723
1.0	0.57387935805202	0.729254571026723
1.0	0.57387935805202	0.729254571026723
1.0	0.57387935805202	0.729254571026723
1.0	0.57387935805202	0.729254571026723
1.0	0.57387935805202	0.729254571026723
1.0	0.57387935805202	0.729254571026723
1.0	0.57387935805202	0.729254571026723
1.0	0.57387935805202	0.729254571026723
1.0	0.57387935805202	0.729254571026723
1.0	0.57387935805202	0.729254571026723
1.0	0.57387935805202	0.729254571026723
1.0	0.57387935805202	0.729254571026723
1.0	0.57387935805202	0.729254571026723
1.0	0.57387935805202	0.729254571026723
1.0	0.57387935805202	0.729254571026723
1.0	0.57387935805202	0.729254571026723
1.0	0.57387935805202	0.729254571026723
1.0	0.57387935805202	0.729254571026723
1.0	0.5733259546209186	0.7288075976081604
1.0	0.5733259546209186	0.7288075976081604
1.0	0.5733259546209186	0.7288075976081604
1.0	0.5733259546209186	0.7288075976081604
1.0	0.5733259546209186	0.7288075976081604
1.0	0.5733259546209186	0.7288075976081604
1.0	0.5733259546209186	0.7288075976081604
1.0	0.5733259546209186	0.7288075976081604
1.0	0.5733259546209186	0.7288075976081604
1.0	0.5733259546209186	0.7288075976081604
1.0	0.5733259546209186	0.7288075976081604
1.0	0.5733259546209186	0.7288075976081604
1.0	0.5733259546209186	0.7288075976081604
1.0	0.5733259546209186	0.7288075976081604
1.0	0.5733259546209186	0.7288075976081604
1.0	0.5733259546209186	0.7288075976081604
1.0	0.5733259546209186	0.7288075976081604
1.0	0.5733259546209186	0.7288075976081604
1.0	0.5733259546209186	0.7288075976081604
1.0	0.5733259546209186	0.7288075976081604
1.0	0.5733259546209186	0.7288075976081604
1.0	0.5733259546209186	0.7288075976081604
1.0	0.5733259546209186	0.7288075976081604
1.0	0.5733259546209186	0.7288075976081604
1.0	0.5733259546209186	0.7288075976081604
1.0	0.5733259546209186	0.7288075976081604
1.0	0.5733259546209186	0.7288075976081604
1.0	0.5733259546209186	0.7288075976081604
1.0	0.5733259546209186	0.7288075976081604
1.0	0.5733259546209186	0.7288075976081604
1.0	0.5733259546209186	0.7288075976081604
1.0	0.5733259546209186	0.7288075976081604
1.0	0.5733259546209186	0.7288075976081604
1.0	0.5733259546209186	0.7288075976081604
1.0	0.5733259546209186	0.7288075976081604
1.0	0.5733259546209186	0.7288075976081604
1.0	0.5733259546209186	0.7288075976081604
1.0	0.5733259546209186	0.7288075976081604
1.0	0.5733259546209186	0.7288075976081604
1.0	0.5733259546209186	0.7288075976081604
1.0	0.5733259546209186	0.7288075976081604
1.0	0.5733259546209186	0.7288075976081604
1.0	0.5733259546209186	0.7288075976081604
1.0	0.5733259546209186	0.7288075976081604
1.0	0.5727725511898174	0.7283603096410979
1.0	0.5727725511898174	0.7283603096410979
1.0	0.5727725511898174	0.7283603096410979
1.0	0.5727725511898174	0.7283603096410979
1.0	0.5733259546209186	0.7288075976081604
1.0	0.5733259546209186	0.7288075976081604
1.0	0.5733259546209186	0.7288075976081604
1.0	0.5733259546209186	0.7288075976081604
1.0	0.5733259546209186	0.7288075976081604
1.0	0.5733259546209186	0.7288075976081604
1.0	0.5733259546209186	0.7288075976081604
1.0	0.5733259546209186	0.7288075976081604
1.0	0.5733259546209186	0.7288075976081604
1.0	0.5733259546209186	0.7288075976081604
1.0	0.5733259546209186	0.7288075976081604
1.0	0.5733259546209186	0.7288075976081604
1.0	0.5733259546209186	0.7288075976081604
1.0	0.5733259546209186	0.7288075976081604
1.0	0.5733259546209186	0.7288075976081604
1.0	0.5733259546209186	0.7288075976081604
1.0	0.5733259546209186	0.7288075976081604
1.0	0.5733259546209186	0.7288075976081604
1.0	0.5733259546209186	0.7288075976081604
1.0	0.5733259546209186	0.7288075976081604
1.0	0.5733259546209186	0.7288075976081604
1.0	0.5733259546209186	0.7288075976081604
1.0	0.57387935805202	0.729254571026723
1.0	0.57387935805202	0.729254571026723
1.0	0.57387935805202	0.729254571026723
1.0	0.57387935805202	0.729254571026723
1.0	0.5733259546209186	0.7288075976081604
1.0	0.5733259546209186	0.7288075976081604
1.0	0.5733259546209186	0.7288075976081604
1.0	0.5733259546209186	0.7288075976081604
1.0	0.5727725511898174	0.7283603096410979
1.0	0.5727725511898174	0.7283603096410979
1.0	0.5727725511898174	0.7283603096410979
1.0	0.5727725511898174	0.7283603096410979
1.0	0.5722191477587161	0.7279127067933826
1.0	0.5722191477587161	0.7279127067933826
1.0	0.5716657443276149	0.7274647887323943
1.0	0.5716657443276149	0.7274647887323943
1.0	0.5716657443276149	0.7274647887323943
1.0	0.5716657443276149	0.7274647887323943
1.0	0.5716657443276149	0.7274647887323943
1.0	0.5716657443276149	0.7274647887323943
1.0	0.5716657443276149	0.7274647887323943
1.0	0.5716657443276149	0.7274647887323943
1.0	0.5716657443276149	0.7274647887323943
1.0	0.5716657443276149	0.7274647887323943
1.0	0.5716657443276149	0.7274647887323943
1.0	0.5716657443276149	0.7274647887323943
1.0	0.5716657443276149	0.7274647887323943
1.0	0.5716657443276149	0.7274647887323943
1.0	0.5716657443276149	0.7274647887323943
1.0	0.5716657443276149	0.7274647887323943
1.0	0.5716657443276149	0.7274647887323943
1.0	0.5716657443276149	0.7274647887323943
1.0	0.5716657443276149	0.7274647887323943
1.0	0.5716657443276149	0.7274647887323943
1.0	0.5716657443276149	0.7274647887323943
1.0	0.5716657443276149	0.7274647887323943
1.0	0.5716657443276149	0.7274647887323943
1.0	0.5716657443276149	0.7274647887323943
1.0	0.5716657443276149	0.7274647887323943
1.0	0.5716657443276149	0.7274647887323943
1.0	0.5716657443276149	0.7274647887323943
1.0	0.5716657443276149	0.7274647887323943
1.0	0.5716657443276149	0.7274647887323943
1.0	0.5716657443276149	0.7274647887323943
1.0	0.5716657443276149	0.7274647887323943
1.0	0.5716657443276149	0.7274647887323943
1.0	0.5716657443276149	0.7274647887323943
1.0	0.5716657443276149	0.7274647887323943
1.0	0.5716657443276149	0.7274647887323943
1.0	0.5716657443276149	0.7274647887323943
1.0	0.5716657443276149	0.7274647887323943
1.0	0.5716657443276149	0.7274647887323943
1.0	0.5716657443276149	0.7274647887323943
1.0	0.5716657443276149	0.7274647887323943
1.0	0.5716657443276149	0.7274647887323943
1.0	0.5716657443276149	0.7274647887323943
1.0	0.5716657443276149	0.7274647887323943
1.0	0.5716657443276149	0.7274647887323943
1.0	0.5716657443276149	0.7274647887323943
1.0	0.5716657443276149	0.7274647887323943
1.0	0.5716657443276149	0.7274647887323943
1.0	0.5716657443276149	0.7274647887323943
1.0	0.5716657443276149	0.7274647887323943
1.0	0.5716657443276149	0.7274647887323943
1.0	0.5716657443276149	0.7274647887323943
1.0	0.5716657443276149	0.7274647887323943
1.0	0.5716657443276149	0.7274647887323943
1.0	0.5716657443276149	0.7274647887323943
1.0	0.5716657443276149	0.7274647887323943
1.0	0.5716657443276149	0.7274647887323943
1.0	0.5716657443276149	0.7274647887323943
1.0	0.5716657443276149	0.7274647887323943
1.0	0.5716657443276149	0.7274647887323943
1.0	0.5716657443276149	0.7274647887323943
1.0	0.5716657443276149	0.7274647887323943
1.0	0.5716657443276149	0.7274647887323943
1.0	0.5716657443276149	0.7274647887323943
1.0	0.5716657443276149	0.7274647887323943
1.0	0.5716657443276149	0.7274647887323943
1.0	0.5716657443276149	0.7274647887323943
1.0	0.5716657443276149	0.7274647887323943
1.0	0.5716657443276149	0.7274647887323943
1.0	0.5716657443276149	0.7274647887323943
1.0	0.5716657443276149	0.7274647887323943
1.0	0.5716657443276149	0.7274647887323943
1.0	0.5716657443276149	0.7274647887323943
1.0	0.5716657443276149	0.7274647887323943
1.0	0.5716657443276149	0.7274647887323943
1.0	0.5716657443276149	0.7274647887323943
1.0	0.5716657443276149	0.7274647887323943
1.0	0.5716657443276149	0.7274647887323943
1.0	0.5716657443276149	0.7274647887323943
1.0	0.5716657443276149	0.7274647887323943
1.0	0.5716657443276149	0.7274647887323943
1.0	0.5716657443276149	0.7274647887323943
1.0	0.5716657443276149	0.7274647887323943
1.0	0.5716657443276149	0.7274647887323943
1.0	0.5716657443276149	0.7274647887323943
1.0	0.5716657443276149	0.7274647887323943
1.0	0.5716657443276149	0.7274647887323943
1.0	0.5716657443276149	0.7274647887323943
1.0	0.5716657443276149	0.7274647887323943
1.0	0.5716657443276149	0.7274647887323943
1.0	0.5716657443276149	0.7274647887323943
1.0	0.5716657443276149	0.7274647887323943
1.0	0.5716657443276149	0.7274647887323943
1.0	0.5716657443276149	0.7274647887323943
1.0	0.5716657443276149	0.7274647887323943
1.0	0.5716657443276149	0.7274647887323943
1.0	0.5716657443276149	0.7274647887323943
1.0	0.5716657443276149	0.7274647887323943
1.0	0.5716657443276149	0.7274647887323943
1.0	0.5716657443276149	0.7274647887323943
1.0	0.5716657443276149	0.7274647887323943
1.0	0.5716657443276149	0.7274647887323943
1.0	0.5716657443276149	0.7274647887323943
1.0	0.5716657443276149	0.7274647887323943
1.0	0.5716657443276149	0.7274647887323943
1.0	0.5716657443276149	0.7274647887323943
1.0	0.5716657443276149	0.7274647887323943
1.0	0.5716657443276149	0.7274647887323943
1.0	0.5716657443276149	0.7274647887323943
1.0	0.5716657443276149	0.7274647887323943
1.0	0.5716657443276149	0.7274647887323943
1.0	0.5716657443276149	0.7274647887323943
1.0	0.5716657443276149	0.7274647887323943
1.0	0.5716657443276149	0.7274647887323943
1.0	0.5716657443276149	0.7274647887323943
1.0	0.5716657443276149	0.7274647887323943
1.0	0.5716657443276149	0.7274647887323943
1.0	0.5716657443276149	0.7274647887323943
1.0	0.5716657443276149	0.7274647887323943
1.0	0.5716657443276149	0.7274647887323943
1.0	0.5716657443276149	0.7274647887323943
1.0	0.5716657443276149	0.7274647887323943
1.0	0.5716657443276149	0.7274647887323943
1.0	0.5716657443276149	0.7274647887323943
1.0	0.5716657443276149	0.7274647887323943
1.0	0.5716657443276149	0.7274647887323943
1.0	0.5716657443276149	0.7274647887323943
1.0	0.5716657443276149	0.7274647887323943
1.0	0.5716657443276149	0.7274647887323943
1.0	0.5716657443276149	0.7274647887323943
1.0	0.5716657443276149	0.7274647887323943
1.0	0.5716657443276149	0.7274647887323943
1.0	0.5716657443276149	0.7274647887323943
1.0	0.5716657443276149	0.7274647887323943
1.0	0.5716657443276149	0.7274647887323943
1.0	0.5716657443276149	0.7274647887323943
1.0	0.5716657443276149	0.7274647887323943
1.0	0.5716657443276149	0.7274647887323943
1.0	0.5716657443276149	0.7274647887323943
1.0	0.5716657443276149	0.7274647887323943
1.0	0.5716657443276149	0.7274647887323943
1.0	0.5716657443276149	0.7274647887323943
1.0	0.5716657443276149	0.7274647887323943
1.0	0.5716657443276149	0.7274647887323943
1.0	0.5716657443276149	0.7274647887323943
1.0	0.5716657443276149	0.7274647887323943
1.0	0.5716657443276149	0.7274647887323943
1.0	0.5716657443276149	0.7274647887323943
1.0	0.5716657443276149	0.7274647887323943
1.0	0.5716657443276149	0.7274647887323943
1.0	0.5716657443276149	0.7274647887323943
1.0	0.5716657443276149	0.7274647887323943
1.0	0.5716657443276149	0.7274647887323943
1.0	0.5716657443276149	0.7274647887323943
1.0	0.5716657443276149	0.7274647887323943
1.0	0.5716657443276149	0.7274647887323943
1.0	0.5716657443276149	0.7274647887323943
1.0	0.5716657443276149	0.7274647887323943
1.0	0.5716657443276149	0.7274647887323943
1.0	0.5716657443276149	0.7274647887323943
1.0	0.5716657443276149	0.7274647887323943
1.0	0.5716657443276149	0.7274647887323943
1.0	0.5716657443276149	0.7274647887323943
1.0	0.5716657443276149	0.7274647887323943
1.0	0.5716657443276149	0.7274647887323943
1.0	0.5716657443276149	0.7274647887323943
1.0	0.5716657443276149	0.7274647887323943
1.0	0.5716657443276149	0.7274647887323943
1.0	0.5716657443276149	0.7274647887323943
1.0	0.5716657443276149	0.7274647887323943
1.0	0.5716657443276149	0.7274647887323943
1.0	0.5716657443276149	0.7274647887323943
1.0	0.5716657443276149	0.7274647887323943
1.0	0.5716657443276149	0.7274647887323943
1.0	0.5716657443276149	0.7274647887323943
1.0	0.5716657443276149	0.7274647887323943
1.0	0.5716657443276149	0.7274647887323943
1.0	0.5716657443276149	0.7274647887323943
1.0	0.5716657443276149	0.7274647887323943
1.0	0.5716657443276149	0.7274647887323943
1.0	0.5716657443276149	0.7274647887323943
1.0	0.5716657443276149	0.7274647887323943
1.0	0.5716657443276149	0.7274647887323943
1.0	0.5716657443276149	0.7274647887323943
1.0	0.5716657443276149	0.7274647887323943
1.0	0.5716657443276149	0.7274647887323943
1.0	0.5716657443276149	0.7274647887323943
1.0	0.5716657443276149	0.7274647887323943
1.0	0.5716657443276149	0.7274647887323943
1.0	0.5716657443276149	0.7274647887323943
1.0	0.5716657443276149	0.7274647887323943
1.0	0.5716657443276149	0.7274647887323943
1.0	0.5716657443276149	0.7274647887323943
1.0	0.5716657443276149	0.7274647887323943
1.0	0.5716657443276149	0.7274647887323943
1.0	0.5716657443276149	0.7274647887323943
1.0	0.5716657443276149	0.7274647887323943
1.0	0.5716657443276149	0.7274647887323943
1.0	0.5716657443276149	0.7274647887323943
1.0	0.5716657443276149	0.7274647887323943
1.0	0.5716657443276149	0.7274647887323943
1.0	0.5716657443276149	0.7274647887323943
1.0	0.5716657443276149	0.7274647887323943
1.0	0.5716657443276149	0.7274647887323943
1.0	0.5716657443276149	0.7274647887323943
1.0	0.5716657443276149	0.7274647887323943
1.0	0.5716657443276149	0.7274647887323943
1.0	0.5716657443276149	0.7274647887323943
1.0	0.5716657443276149	0.7274647887323943
1.0	0.5716657443276149	0.7274647887323943
1.0	0.5716657443276149	0.7274647887323943
1.0	0.5716657443276149	0.7274647887323943
1.0	0.5716657443276149	0.7274647887323943
1.0	0.5716657443276149	0.7274647887323943
1.0	0.5716657443276149	0.7274647887323943
1.0	0.5716657443276149	0.7274647887323943
1.0	0.5716657443276149	0.7274647887323943
1.0	0.5716657443276149	0.7274647887323943
1.0	0.5716657443276149	0.7274647887323943
1.0	0.5716657443276149	0.7274647887323943
1.0	0.5716657443276149	0.7274647887323943
1.0	0.5716657443276149	0.7274647887323943
1.0	0.5716657443276149	0.7274647887323943
1.0	0.5716657443276149	0.7274647887323943
1.0	0.5716657443276149	0.7274647887323943
1.0	0.5716657443276149	0.7274647887323943
1.0	0.5716657443276149	0.7274647887323943
1.0	0.5716657443276149	0.7274647887323943
1.0	0.5716657443276149	0.7274647887323943
1.0	0.5716657443276149	0.7274647887323943
1.0	0.5716657443276149	0.7274647887323943
1.0	0.5716657443276149	0.7274647887323943
1.0	0.5716657443276149	0.7274647887323943
1.0	0.5716657443276149	0.7274647887323943
1.0	0.5716657443276149	0.7274647887323943
1.0	0.5716657443276149	0.7274647887323943
1.0	0.5716657443276149	0.7274647887323943
1.0	0.5716657443276149	0.7274647887323943
1.0	0.5716657443276149	0.7274647887323943
1.0	0.5716657443276149	0.7274647887323943
1.0	0.5716657443276149	0.7274647887323943
1.0	0.5716657443276149	0.7274647887323943
1.0	0.5716657443276149	0.7274647887323943
1.0	0.5716657443276149	0.7274647887323943
1.0	0.5716657443276149	0.7274647887323943
1.0	0.5716657443276149	0.7274647887323943
1.0	0.5716657443276149	0.7274647887323943
1.0	0.5716657443276149	0.7274647887323943
1.0	0.5716657443276149	0.7274647887323943
1.0	0.5716657443276149	0.7274647887323943
1.0	0.5716657443276149	0.7274647887323943
1.0	0.5716657443276149	0.7274647887323943
1.0	0.5716657443276149	0.7274647887323943
1.0	0.5716657443276149	0.7274647887323943
1.0	0.5716657443276149	0.7274647887323943
1.0	0.5711123408965135	0.727016555125044
1.0	0.5711123408965135	0.727016555125044
1.0	0.5711123408965135	0.727016555125044
1.0	0.5711123408965135	0.727016555125044
1.0	0.5711123408965135	0.727016555125044
1.0	0.5711123408965135	0.727016555125044
1.0	0.5711123408965135	0.727016555125044
1.0	0.5711123408965135	0.727016555125044
1.0	0.5711123408965135	0.727016555125044
1.0	0.5711123408965135	0.727016555125044
1.0	0.5711123408965135	0.727016555125044
1.0	0.5711123408965135	0.727016555125044
1.0	0.5711123408965135	0.727016555125044
1.0	0.5711123408965135	0.727016555125044
1.0	0.5711123408965135	0.727016555125044
1.0	0.5711123408965135	0.727016555125044
1.0	0.5711123408965135	0.727016555125044
1.0	0.5711123408965135	0.727016555125044
1.0	0.5711123408965135	0.727016555125044
1.0	0.5711123408965135	0.727016555125044
1.0	0.5711123408965135	0.727016555125044
1.0	0.5711123408965135	0.727016555125044
1.0	0.5711123408965135	0.727016555125044
1.0	0.5711123408965135	0.727016555125044
1.0	0.5711123408965135	0.727016555125044
1.0	0.5711123408965135	0.727016555125044
1.0	0.5711123408965135	0.727016555125044
1.0	0.5711123408965135	0.727016555125044
1.0	0.5711123408965135	0.727016555125044
1.0	0.5711123408965135	0.727016555125044
1.0	0.5711123408965135	0.727016555125044
1.0	0.5711123408965135	0.727016555125044
1.0	0.5711123408965135	0.727016555125044
1.0	0.5711123408965135	0.727016555125044
1.0	0.5711123408965135	0.727016555125044
1.0	0.5711123408965135	0.727016555125044
1.0	0.5711123408965135	0.727016555125044
1.0	0.5711123408965135	0.727016555125044
1.0	0.5705589374654123	0.7265680056377731
1.0	0.5705589374654123	0.7265680056377731
1.0	0.5705589374654123	0.7265680056377731
1.0	0.5705589374654123	0.7265680056377731
1.0	0.5705589374654123	0.7265680056377731
1.0	0.5705589374654123	0.7265680056377731
1.0	0.5705589374654123	0.7265680056377731
1.0	0.5705589374654123	0.7265680056377731
1.0	0.570005534034311	0.7261191399365526
1.0	0.570005534034311	0.7261191399365526
1.0	0.570005534034311	0.7261191399365526
1.0	0.570005534034311	0.7261191399365526
1.0	0.570005534034311	0.7261191399365526
1.0	0.570005534034311	0.7261191399365526
1.0	0.570005534034311	0.7261191399365526
1.0	0.570005534034311	0.7261191399365526
1.0	0.570005534034311	0.7261191399365526
1.0	0.570005534034311	0.7261191399365526
1.0	0.5694521306032098	0.725669957686883
1.0	0.5694521306032098	0.725669957686883
1.0	0.5694521306032098	0.725669957686883
1.0	0.5694521306032098	0.725669957686883
1.0	0.5694521306032098	0.725669957686883
1.0	0.5694521306032098	0.725669957686883
1.0	0.5694521306032098	0.725669957686883
1.0	0.5694521306032098	0.725669957686883
1.0	0.5694521306032098	0.725669957686883
1.0	0.5694521306032098	0.725669957686883
1.0	0.5694521306032098	0.725669957686883
1.0	0.5694521306032098	0.725669957686883
1.0	0.5694521306032098	0.725669957686883
1.0	0.5694521306032098	0.725669957686883
1.0	0.5694521306032098	0.725669957686883
1.0	0.5694521306032098	0.725669957686883
1.0	0.5694521306032098	0.725669957686883
1.0	0.5694521306032098	0.725669957686883
1.0	0.5694521306032098	0.725669957686883
1.0	0.5694521306032098	0.725669957686883
1.0	0.5694521306032098	0.725669957686883
1.0	0.5694521306032098	0.725669957686883
1.0	0.5694521306032098	0.725669957686883
1.0	0.5694521306032098	0.725669957686883
1.0	0.5694521306032098	0.725669957686883
1.0	0.5694521306032098	0.725669957686883
1.0	0.5694521306032098	0.725669957686883
1.0	0.5694521306032098	0.725669957686883
1.0	0.5694521306032098	0.725669957686883
1.0	0.5694521306032098	0.725669957686883
1.0	0.5694521306032098	0.725669957686883
1.0	0.5694521306032098	0.725669957686883
1.0	0.5694521306032098	0.725669957686883
1.0	0.5694521306032098	0.725669957686883
1.0	0.5694521306032098	0.725669957686883
1.0	0.5694521306032098	0.725669957686883
1.0	0.5694521306032098	0.725669957686883
1.0	0.5694521306032098	0.725669957686883
1.0	0.5694521306032098	0.725669957686883
1.0	0.5694521306032098	0.725669957686883
1.0	0.5694521306032098	0.725669957686883
1.0	0.5694521306032098	0.725669957686883
1.0	0.5694521306032098	0.725669957686883
1.0	0.5694521306032098	0.725669957686883
1.0	0.5694521306032098	0.725669957686883
1.0	0.5694521306032098	0.725669957686883
1.0	0.5694521306032098	0.725669957686883
1.0	0.5694521306032098	0.725669957686883
1.0	0.5694521306032098	0.725669957686883
1.0	0.5694521306032098	0.725669957686883
1.0	0.5694521306032098	0.725669957686883
1.0	0.5694521306032098	0.725669957686883
1.0	0.5694521306032098	0.725669957686883
1.0	0.5694521306032098	0.725669957686883
1.0	0.5694521306032098	0.725669957686883
1.0	0.5694521306032098	0.725669957686883
1.0	0.5694521306032098	0.725669957686883
1.0	0.5694521306032098	0.725669957686883
1.0	0.5694521306032098	0.725669957686883
1.0	0.5694521306032098	0.725669957686883
1.0	0.5694521306032098	0.725669957686883
1.0	0.5694521306032098	0.725669957686883
1.0	0.5694521306032098	0.725669957686883
1.0	0.5694521306032098	0.725669957686883
1.0	0.5694521306032098	0.725669957686883
1.0	0.5694521306032098	0.725669957686883
1.0	0.5694521306032098	0.725669957686883
1.0	0.5694521306032098	0.725669957686883
1.0	0.5694521306032098	0.725669957686883
1.0	0.5694521306032098	0.725669957686883
1.0	0.5694521306032098	0.725669957686883
1.0	0.5694521306032098	0.725669957686883
1.0	0.5694521306032098	0.725669957686883
1.0	0.5694521306032098	0.725669957686883
1.0	0.5694521306032098	0.725669957686883
1.0	0.5694521306032098	0.725669957686883
1.0	0.5694521306032098	0.725669957686883
1.0	0.5694521306032098	0.725669957686883
1.0	0.5694521306032098	0.725669957686883
1.0	0.5694521306032098	0.725669957686883
1.0	0.5694521306032098	0.725669957686883
1.0	0.5694521306032098	0.725669957686883
1.0	0.5694521306032098	0.725669957686883
1.0	0.5694521306032098	0.725669957686883
1.0	0.5694521306032098	0.725669957686883
1.0	0.5694521306032098	0.725669957686883
1.0	0.5694521306032098	0.725669957686883
1.0	0.5694521306032098	0.725669957686883
1.0	0.5694521306032098	0.725669957686883
1.0	0.5694521306032098	0.725669957686883
1.0	0.5694521306032098	0.725669957686883
1.0	0.5694521306032098	0.725669957686883
1.0	0.5694521306032098	0.725669957686883
1.0	0.5688987271721084	0.7252204585537919
1.0	0.5688987271721084	0.7252204585537919
1.0	0.5688987271721084	0.7252204585537919
1.0	0.5688987271721084	0.7252204585537919
1.0	0.5688987271721084	0.7252204585537919
1.0	0.5688987271721084	0.7252204585537919
1.0	0.5688987271721084	0.7252204585537919
1.0	0.5688987271721084	0.7252204585537919
1.0	0.5688987271721084	0.7252204585537919
1.0	0.5688987271721084	0.7252204585537919
1.0	0.5688987271721084	0.7252204585537919
1.0	0.5688987271721084	0.7252204585537919
1.0	0.5688987271721084	0.7252204585537919
1.0	0.5688987271721084	0.7252204585537919
1.0	0.5688987271721084	0.7252204585537919
1.0	0.5688987271721084	0.7252204585537919
1.0	0.5688987271721084	0.7252204585537919
1.0	0.5688987271721084	0.7252204585537919
1.0	0.5688987271721084	0.7252204585537919
1.0	0.5688987271721084	0.7252204585537919
1.0	0.5688987271721084	0.7252204585537919
1.0	0.5688987271721084	0.7252204585537919
1.0	0.5688987271721084	0.7252204585537919
1.0	0.5688987271721084	0.7252204585537919
1.0	0.5688987271721084	0.7252204585537919
1.0	0.5688987271721084	0.7252204585537919
1.0	0.5688987271721084	0.7252204585537919
1.0	0.5688987271721084	0.7252204585537919
1.0	0.5688987271721084	0.7252204585537919
1.0	0.5688987271721084	0.7252204585537919
1.0	0.5688987271721084	0.7252204585537919
1.0	0.5688987271721084	0.7252204585537919
1.0	0.5688987271721084	0.7252204585537919
1.0	0.5688987271721084	0.7252204585537919
1.0	0.5688987271721084	0.7252204585537919
1.0	0.5688987271721084	0.7252204585537919
1.0	0.5688987271721084	0.7252204585537919
1.0	0.5688987271721084	0.7252204585537919
