2.1114516
1.9323275
1.8455205
1.8142989
1.6635374
1.6948671
1.6648515
1.6952587
1.675362
1.5789118
1.673548
1.5642171
1.6753857
1.548553
1.6564615
1.5509943
1.7013963
1.6020198
1.6458657
1.5066562
1.6690617
1.5443592
1.5304549
1.5950754
1.4638519
1.5133039
1.5228605
1.6370337
1.4275815
1.4719338
1.4619677
1.4968383
1.4760604
1.3858631
1.4820395
1.5039667
1.4535568
1.4658537
1.3944438
1.4477766
1.335255
1.3048977
1.3335086
1.4122185
1.3193417
1.3474853
1.293246
1.4204807
1.279033
1.3679242
1.3508036
