0.29439252336448596	0.1974921630094044	0.23639774859287055
0.3302325581395349	0.2225705329153605	0.2659176029962547
0.308411214953271	0.20689655172413793	0.24765478424015006
0.34841628959276016	0.2413793103448276	0.28518518518518515
0.30414746543778803	0.20689655172413793	0.2462686567164179
0.3181818181818182	0.219435736677116	0.25974025974025977
0.3051643192488263	0.20376175548589343	0.2443609022556391
0.3364485981308411	0.22570532915360503	0.2701688555347092
0.30180180180180183	0.21003134796238246	0.24768946395563773
0.3515981735159817	0.2413793103448276	0.28624535315985133
