0.0	0.0	0.0
0.0	0.0	0.0
0.0	0.0	0.0
0.0	0.0	0.0
0.0	0.0	0.0
0.0	0.0	0.0
0.0	0.0	0.0
0.0	0.0	0.0
0.0	0.0	0.0
0.1	0.012539184952978056	0.022284122562674095
0.09523809523809523	0.012539184952978056	0.0221606648199446
0.10909090909090909	0.018808777429467086	0.03208556149732621
0.13793103448275862	0.025078369905956112	0.042440318302387266
0.14444444444444443	0.04075235109717868	0.06356968215158924
0.15853658536585366	0.04075235109717868	0.06483790523690773
0.15306122448979592	0.047021943573667714	0.07194244604316546
0.14166666666666666	0.05329153605015674	0.0774487471526196
0.15527950310559005	0.07836990595611286	0.10416666666666667
0.15053763440860216	0.0877742946708464	0.11089108910891089
0.15656565656565657	0.09717868338557993	0.11992263056092842
0.16	0.10031347962382445	0.1233140655105973
0.15714285714285714	0.10344827586206896	0.12476370510396977
0.15865384615384615	0.10344827586206896	0.1252371916508539
0.1542056074766355	0.10344827586206896	0.12382739212007503
0.15300546448087432	0.0877742946708464	0.11155378486055777
0.14210526315789473	0.08463949843260188	0.10609037328094302
0.14622641509433962	0.09717868338557993	0.1167608286252354
0.14601769911504425	0.10344827586206896	0.12110091743119267
0.14166666666666666	0.10658307210031348	0.12164579606440072
0.14112903225806453	0.109717868338558	0.1234567901234568
0.14338235294117646	0.12225705329153605	0.13197969543147206
0.13768115942028986	0.11912225705329153	0.12773109243697478
0.13978494623655913	0.12225705329153605	0.13043478260869568
0.1371841155234657	0.11912225705329153	0.12751677852348994
0.14130434782608695	0.12225705329153605	0.1310924369747899
0.1510791366906475	0.13166144200626959	0.14070351758793972
0.14634146341463414	0.13166144200626959	0.1386138613861386
0.15384615384615385	0.13793103448275862	0.14545454545454548
0.15017064846416384	0.13793103448275862	0.14379084967320263
0.1541095890410959	0.14106583072100312	0.14729950900163663
0.14814814814814814	0.13793103448275862	0.14285714285714285
0.1505016722408027	0.14106583072100312	0.14563106796116507
0.1490066225165563	0.14106583072100312	0.14492753623188406
0.14473684210526316	0.13793103448275862	0.14125200642054575
0.1461038961038961	0.14106583072100312	0.1435406698564593
0.14516129032258066	0.14106583072100312	0.14308426073131955
0.1488673139158576	0.14420062695924765	0.14649681528662423
0.16025641025641027	0.15673981191222572	0.1584786053882726
0.14376996805111822	0.14106583072100312	0.14240506329113925
0.15654952076677317	0.1536050156739812	0.15506329113924053
0.14376996805111822	0.14106583072100312	0.14240506329113925
0.15605095541401273	0.1536050156739812	0.15481832543443919
0.1492063492063492	0.14733542319749215	0.1482649842271293
0.15605095541401273	0.1536050156739812	0.15481832543443919
0.1523809523809524	0.15047021943573669	0.15141955835962145
0.16455696202531644	0.16300940438871472	0.16377952755905512
0.15772870662460567	0.15673981191222572	0.15723270440251572
0.16455696202531644	0.16300940438871472	0.16377952755905512
0.16352201257861634	0.16300940438871472	0.16326530612244897
0.16981132075471697	0.16927899686520376	0.1695447409733124
0.16666666666666666	0.16614420062695925	0.1664050235478807
0.16981132075471697	0.16927899686520376	0.1695447409733124
0.16981132075471697	0.16927899686520376	0.1695447409733124
0.16981132075471697	0.16927899686520376	0.1695447409733124
0.16981132075471697	0.16927899686520376	0.1695447409733124
0.17034700315457413	0.16927899686520376	0.16981132075471697
0.17034700315457413	0.16927899686520376	0.16981132075471697
0.17034700315457413	0.16927899686520376	0.16981132075471697
0.17034700315457413	0.16927899686520376	0.16981132075471697
0.17034700315457413	0.16927899686520376	0.16981132075471697
0.16981132075471697	0.16927899686520376	0.1695447409733124
0.16981132075471697	0.16927899686520376	0.1695447409733124
0.16981132075471697	0.16927899686520376	0.1695447409733124
0.16981132075471697	0.16927899686520376	0.1695447409733124
0.16666666666666666	0.16614420062695925	0.1664050235478807
0.16666666666666666	0.16614420062695925	0.1664050235478807
0.16666666666666666	0.16614420062695925	0.1664050235478807
0.16666666666666666	0.16614420062695925	0.1664050235478807
0.16666666666666666	0.16614420062695925	0.1664050235478807
0.16666666666666666	0.16614420062695925	0.1664050235478807
0.16614420062695925	0.16614420062695925	0.16614420062695925
0.16927899686520376	0.16927899686520376	0.16927899686520376
0.16927899686520376	0.16927899686520376	0.16927899686520376
0.16927899686520376	0.16927899686520376	0.16927899686520376
0.16927899686520376	0.16927899686520376	0.16927899686520376
0.16927899686520376	0.16927899686520376	0.16927899686520376
0.16927899686520376	0.16927899686520376	0.16927899686520376
0.16927899686520376	0.16927899686520376	0.16927899686520376
0.16927899686520376	0.16927899686520376	0.16927899686520376
0.16927899686520376	0.16927899686520376	0.16927899686520376
0.16927899686520376	0.16927899686520376	0.16927899686520376
0.16927899686520376	0.16927899686520376	0.16927899686520376
0.16927899686520376	0.16927899686520376	0.16927899686520376
0.16927899686520376	0.16927899686520376	0.16927899686520376
0.16927899686520376	0.16927899686520376	0.16927899686520376
0.16927899686520376	0.16927899686520376	0.16927899686520376
0.16927899686520376	0.16927899686520376	0.16927899686520376
0.16927899686520376	0.16927899686520376	0.16927899686520376
0.16927899686520376	0.16927899686520376	0.16927899686520376
0.16927899686520376	0.16927899686520376	0.16927899686520376
0.16927899686520376	0.16927899686520376	0.16927899686520376
0.16927899686520376	0.16927899686520376	0.16927899686520376
0.16927899686520376	0.16927899686520376	0.16927899686520376
0.16927899686520376	0.16927899686520376	0.16927899686520376
0.1724137931034483	0.1724137931034483	0.1724137931034483
0.1724137931034483	0.1724137931034483	0.1724137931034483
0.1724137931034483	0.1724137931034483	0.1724137931034483
0.1724137931034483	0.1724137931034483	0.1724137931034483
0.1724137931034483	0.1724137931034483	0.1724137931034483
0.1724137931034483	0.1724137931034483	0.1724137931034483
0.1724137931034483	0.1724137931034483	0.1724137931034483
0.1724137931034483	0.1724137931034483	0.1724137931034483
