1.9705169
1.8123093
1.9330231
1.923776
1.926289
1.8677838
1.889746
1.8873718
1.8649836
1.6964962
1.7074239
1.7927554
1.7138629
1.6606514
1.6408521
1.6964111
1.768873
1.6712309
1.5697966
1.6827486
1.6416758
1.6637633
1.5508796
1.5526049
1.5908844
1.4723523
1.5332193
1.5553912
1.5427716
1.3555821
1.5517883
1.6032875
1.51389
1.502912
1.4412172
1.5859611
1.4447284
1.3636472
1.3824959
1.3976821
1.460433
1.4215624
1.4097555
1.3460298
1.407141
1.4187587
1.3542712
1.3081026
1.3411834
1.2607601
1.4002107
1.3682933
1.2614007
1.2523803
