0.29493087557603687	0.2006269592476489	0.23880597014925373
0.3256880733944954	0.2225705329153605	0.26443202979515823
0.28837209302325584	0.19435736677115986	0.23220973782771534
0.3302752293577982	0.22570532915360503	0.2681564245810056
0.3242009132420091	0.2225705329153605	0.26394052044609667
0.33183856502242154	0.23197492163009403	0.2730627306273063
0.3393665158371041	0.23510971786833856	0.2777777777777778
0.3411214953271028	0.22884012539184953	0.27392120075046905
0.33482142857142855	0.23510971786833856	0.2762430939226519
0.3424657534246575	0.23510971786833856	0.27881040892193304
