1.7753608
1.6642987
1.7068678
1.7451032
1.6378052
1.7063264
1.5904189
1.5592345
1.6112597
1.4975002
1.5336893
1.5556693
1.4760106
1.4697243
1.4905233
1.3803775
1.4981827
1.4182087
1.4081981
1.3800807
1.4512652
1.3536781
1.4145558
1.3805894
1.355935
1.4711735
1.3734186
1.2733101
1.4428799
1.3070271
1.3063705
1.1925416
1.3257122
1.328907
1.2804358
1.3575048
1.1964734
1.2925959
1.2587296
1.2365047
1.1654608
1.21189
1.240226
1.178339
1.1985517
1.2246152
1.1660938
1.2483819
1.2431027
1.2685891
1.1726828
1.0587968
1.1437883
1.1261355
1.0969678
1.1602794
1.0913763
