0.32432432432432434	0.22570532915360503	0.266173752310536
0.30454545454545456	0.21003134796238246	0.24860853432282007
0.3073394495412844	0.21003134796238246	0.2495344506517691
0.34234234234234234	0.23824451410658307	0.2809611829944547
0.28054298642533937	0.19435736677115986	0.2296296296296296
0.33771929824561403	0.2413793103448276	0.28153564899451555
0.27927927927927926	0.19435736677115986	0.22920517560073936
0.33185840707964603	0.23510971786833856	0.2752293577981652
0.3056768558951965	0.219435736677116	0.25547445255474455
0.3403361344537815	0.25391849529780564	0.2908438061041293
0.29130434782608694	0.21003134796238246	0.24408014571949
