0.0	0.0	0.0
0.0	0.0	0.0
0.0	0.0	0.0
0.0	0.0	0.0
0.0	0.0	0.0
0.0	0.0	0.0
0.0	0.0	0.0
0.0	0.0	0.0
0.0	0.0	0.0
0.0	0.0	0.0
0.0	0.0	0.0
0.0	0.0	0.0
0.3333333333333333	0.003134796238244514	0.006211180124223602
0.1	0.003134796238244514	0.0060790273556231
0.0	0.0	0.0
0.0	0.0	0.0
0.0	0.0	0.0
0.0	0.0	0.0
0.0	0.0	0.0
0.0	0.0	0.0
0.0	0.0	0.0
0.0	0.0	0.0
0.0	0.0	0.0
0.0	0.0	0.0
0.125	0.006269592476489028	0.011940298507462685
0.1702127659574468	0.025078369905956112	0.04371584699453552
0.19047619047619047	0.03761755485893417	0.06282722513089005
0.21348314606741572	0.05956112852664577	0.09313725490196077
0.19047619047619047	0.06269592476489028	0.09433962264150943
0.1968503937007874	0.07836990595611286	0.11210762331838567
0.1610738255033557	0.07523510971786834	0.10256410256410256
0.18235294117647058	0.09717868338557993	0.12678936605316973
0.1774193548387097	0.10344827586206896	0.1306930693069307
0.2268041237113402	0.13793103448275862	0.17153996101364521
0.19704433497536947	0.12539184952978055	0.15325670498084293
0.2146341463414634	0.13793103448275862	0.1679389312977099
0.1796116504854369	0.11598746081504702	0.14095238095238097
0.14537444933920704	0.10344827586206896	0.12087912087912087
0.1735159817351598	0.11912225705329153	0.14126394052044608
0.1581196581196581	0.11598746081504702	0.1338155515370705
0.17543859649122806	0.12539184952978055	0.14625228519195613
0.1646090534979424	0.12539184952978055	0.14234875444839853
0.18723404255319148	0.13793103448275862	0.1588447653429603
0.1646586345381526	0.12852664576802508	0.1443661971830986
0.17647058823529413	0.13166144200626959	0.15080789946140036
0.16334661354581673	0.12852664576802508	0.14385964912280705
0.17427385892116182	0.13166144200626959	0.15000000000000002
0.16334661354581673	0.12852664576802508	0.14385964912280705
0.17551020408163265	0.13479623824451412	0.1524822695035461
0.16996047430830039	0.13479623824451412	0.15034965034965037
0.18292682926829268	0.14106583072100312	0.15929203539823006
0.15953307392996108	0.12852664576802508	0.1423611111111111
0.18775510204081633	0.14420062695924765	0.16312056737588654
0.16796875	0.13479623824451412	0.14956521739130435
0.18326693227091634	0.14420062695924765	0.16140350877192983
0.16342412451361868	0.13166144200626959	0.14583333333333334
0.18253968253968253	0.14420062695924765	0.16112084063047286
0.16091954022988506	0.13166144200626959	0.14482758620689656
0.1828793774319066	0.14733542319749215	0.16319444444444442
0.16216216216216217	0.13166144200626959	0.14532871972318337
0.18146718146718147	0.14733542319749215	0.16262975778546712
0.15708812260536398	0.12852664576802508	0.1413793103448276
0.18250950570342206	0.15047021943573669	0.16494845360824742
0.15708812260536398	0.12852664576802508	0.1413793103448276
0.18007662835249041	0.14733542319749215	0.1620689655172414
0.16091954022988506	0.13166144200626959	0.14482758620689656
0.18076923076923077	0.14733542319749215	0.1623488773747841
0.1576923076923077	0.12852664576802508	0.14162348877374784
0.17692307692307693	0.14420062695924765	0.15889464594127808
0.1576923076923077	0.12852664576802508	0.14162348877374784
0.18007662835249041	0.14733542319749215	0.1620689655172414
0.16091954022988506	0.13166144200626959	0.14482758620689656
0.18181818181818182	0.15047021943573669	0.1646655231560892
0.15730337078651685	0.13166144200626959	0.14334470989761092
0.16544117647058823	0.14106583072100312	0.15228426395939085
0.15441176470588236	0.13166144200626959	0.14213197969543145
0.16176470588235295	0.13793103448275862	0.14890016920473773
0.15	0.13166144200626959	0.14023372287145242
0.15827338129496402	0.13793103448275862	0.1474036850921273
0.14285714285714285	0.12539184952978055	0.1335559265442404
0.15579710144927536	0.13479623824451412	0.14453781512605043
0.13427561837455831	0.11912225705329153	0.12624584717607973
0.14487632508833923	0.12852664576802508	0.1362126245847176
0.12631578947368421	0.11285266457680251	0.11920529801324503
0.13541666666666666	0.12225705329153605	0.128500823723229
0.1284722222222222	0.11598746081504702	0.12191103789126853
0.1292517006802721	0.11912225705329153	0.12398042414355628
0.12802768166089964	0.11598746081504702	0.12171052631578946
0.13058419243986255	0.11912225705329153	0.12459016393442623
0.12714776632302405	0.11598746081504702	0.12131147540983607
0.125	0.11598746081504702	0.12032520325203251
0.12758620689655173	0.11598746081504702	0.12151067323481117
0.12709030100334448	0.11912225705329153	0.12297734627831716
0.125	0.11285266457680251	0.1186161449752883
0.13	0.12225705329153605	0.1260096930533118
0.12203389830508475	0.11285266457680251	0.1172638436482085
